# Energy    Summed_PDOS
  -27.116000    -0.000029
  -27.106000    -0.000031
  -27.096000    -0.000033
  -27.086000    -0.000036
  -27.076000    -0.000039
  -27.066000    -0.000042
  -27.056000    -0.000045
  -27.046000    -0.000048
  -27.036000    -0.000052
  -27.026000    -0.000056
  -27.016000    -0.000060
  -27.006000    -0.000064
  -26.996000    -0.000069
  -26.986000    -0.000074
  -26.976000    -0.000080
  -26.966000    -0.000085
  -26.956000    -0.000091
  -26.946000    -0.000098
  -26.936000    -0.000104
  -26.926000    -0.000112
  -26.916000    -0.000119
  -26.906000    -0.000127
  -26.896000    -0.000136
  -26.886000    -0.000145
  -26.876000    -0.000155
  -26.866000    -0.000164
  -26.856000    -0.000175
  -26.846000    -0.000187
  -26.836000    -0.000199
  -26.826000    -0.000211
  -26.816000    -0.000225
  -26.806000    -0.000238
  -26.796000    -0.000253
  -26.786000    -0.000268
  -26.776000    -0.000284
  -26.766000    -0.000301
  -26.756000    -0.000319
  -26.746000    -0.000337
  -26.736000    -0.000357
  -26.726000    -0.000377
  -26.716000    -0.000398
  -26.706000    -0.000420
  -26.696000    -0.000444
  -26.686000    -0.000468
  -26.676000    -0.000493
  -26.666000    -0.000519
  -26.656000    -0.000546
  -26.646000    -0.000575
  -26.636000    -0.000604
  -26.626000    -0.000635
  -26.616000    -0.000666
  -26.606000    -0.000699
  -26.596000    -0.000733
  -26.586000    -0.000767
  -26.576000    -0.000804
  -26.566000    -0.000841
  -26.556000    -0.000880
  -26.546000    -0.000919
  -26.536000    -0.000959
  -26.526000    -0.001001
  -26.516000    -0.001044
  -26.506000    -0.001087
  -26.496000    -0.001132
  -26.486000    -0.001178
  -26.476000    -0.001224
  -26.466000    -0.001272
  -26.456000    -0.001322
  -26.446000    -0.001371
  -26.436000    -0.001421
  -26.426000    -0.001470
  -26.416000    -0.001520
  -26.406000    -0.001570
  -26.396000    -0.001620
  -26.386000    -0.001679
  -26.376000    -0.001729
  -26.366000    -0.001779
  -26.356000    -0.001829
  -26.346000    -0.001879
  -26.336000    -0.001939
  -26.326000    -0.001988
  -26.316000    -0.002038
  -26.306000    -0.002087
  -26.296000    -0.002136
  -26.286000    -0.002175
  -26.276000    -0.002224
  -26.266000    -0.002262
  -26.256000    -0.002310
  -26.246000    -0.002347
  -26.236000    -0.002384
  -26.226000    -0.002410
  -26.216000    -0.002446
  -26.206000    -0.002471
  -26.196000    -0.002496
  -26.186000    -0.002519
  -26.176000    -0.002532
  -26.166000    -0.002544
  -26.156000    -0.002545
  -26.146000    -0.002545
  -26.136000    -0.002544
  -26.126000    -0.002532
  -26.116000    -0.002509
  -26.106000    -0.002484
  -26.096000    -0.002458
  -26.086000    -0.002410
  -26.076000    -0.002371
  -26.066000    -0.002311
  -26.056000    -0.002248
  -26.046000    -0.002174
  -26.036000    -0.002088
  -26.026000    -0.001990
  -26.016000    -0.001891
  -26.006000    -0.001779
  -25.996000    -0.001655
  -25.986000    -0.001508
  -25.976000    -0.001360
  -25.966000    -0.001200
  -25.956000    -0.001024
  -25.946000    -0.000836
  -25.936000    -0.000634
  -25.926000    -0.000418
  -25.916000    -0.000187
  -25.906000     0.000058
  -25.896000     0.000319
  -25.886000     0.000594
  -25.876000     0.000886
  -25.866000     0.001192
  -25.856000     0.001519
  -25.846000     0.001854
  -25.836000     0.002212
  -25.826000     0.002583
  -25.816000     0.002977
  -25.806000     0.003385
  -25.796000     0.003806
  -25.786000     0.004250
  -25.776000     0.004708
  -25.766000     0.005188
  -25.756000     0.005680
  -25.746000     0.006190
  -25.736000     0.006720
  -25.726000     0.007260
  -25.716000     0.007820
  -25.706000     0.008400
  -25.696000     0.009000
  -25.686000     0.009610
  -25.676000     0.010240
  -25.666000     0.010880
  -25.656000     0.011540
  -25.646000     0.012210
  -25.636000     0.012860
  -25.626000     0.013590
  -25.616000     0.014330
  -25.606000     0.015070
  -25.596000     0.015810
  -25.586000     0.016550
  -25.576000     0.017300
  -25.566000     0.018040
  -25.556000     0.018790
  -25.546000     0.019640
  -25.536000     0.020390
  -25.526000     0.021240
  -25.516000     0.022000
  -25.506000     0.022850
  -25.496000     0.023610
  -25.486000     0.024460
  -25.476000     0.025320
  -25.466000     0.026070
  -25.456000     0.026930
  -25.446000     0.027690
  -25.436000     0.028540
  -25.426000     0.029290
  -25.416000     0.030150
  -25.406000     0.030900
  -25.396000     0.031750
  -25.386000     0.032500
  -25.376000     0.033240
  -25.366000     0.033990
  -25.356000     0.034830
  -25.346000     0.035470
  -25.336000     0.036210
  -25.326000     0.036940
  -25.316000     0.037670
  -25.306000     0.038300
  -25.296000     0.038920
  -25.286000     0.039540
  -25.276000     0.040160
  -25.266000     0.040770
  -25.256000     0.041280
  -25.246000     0.041880
  -25.236000     0.042380
  -25.226000     0.042870
  -25.216000     0.043360
  -25.206000     0.043740
  -25.196000     0.044120
  -25.186000     0.044490
  -25.176000     0.044850
  -25.166000     0.045210
  -25.156000     0.045470
  -25.146000     0.045710
  -25.136000     0.045950
  -25.126000     0.046090
  -25.116000     0.046220
  -25.106000     0.046340
  -25.096000     0.046460
  -25.086000     0.046470
  -25.076000     0.046570
  -25.066000     0.046570
  -25.056000     0.046460
  -25.046000     0.046350
  -25.036000     0.046320
  -25.026000     0.046100
  -25.016000     0.045960
  -25.006000     0.045720
  -24.996000     0.045470
  -24.986000     0.045220
  -24.976000     0.044960
  -24.966000     0.044600
  -24.956000     0.044230
  -24.946000     0.043850
  -24.936000     0.043370
  -24.926000     0.042880
  -24.916000     0.042490
  -24.906000     0.041900
  -24.896000     0.041400
  -24.886000     0.040890
  -24.876000     0.040280
  -24.866000     0.039660
  -24.856000     0.039040
  -24.846000     0.038420
  -24.836000     0.037690
  -24.826000     0.037060
  -24.816000     0.036330
  -24.806000     0.035590
  -24.796000     0.034960
  -24.786000     0.034210
  -24.776000     0.033370
  -24.766000     0.032620
  -24.756000     0.031870
  -24.746000     0.031120
  -24.736000     0.030270
  -24.726000     0.029520
  -24.716000     0.028670
  -24.706000     0.027910
  -24.696000     0.027060
  -24.686000     0.026200
  -24.676000     0.025440
  -24.666000     0.024590
  -24.656000     0.023730
  -24.646000     0.022980
  -24.636000     0.022120
  -24.626000     0.021370
  -24.616000     0.020520
  -24.606000     0.019770
  -24.596000     0.018920
  -24.586000     0.018170
  -24.576000     0.017420
  -24.566000     0.016670
  -24.556000     0.015930
  -24.546000     0.015190
  -24.536000     0.014450
  -24.526000     0.013720
  -24.516000     0.012980
  -24.506000     0.012330
  -24.496000     0.011650
  -24.486000     0.011000
  -24.476000     0.010340
  -24.466000     0.009710
  -24.456000     0.009110
  -24.446000     0.008500
  -24.436000     0.007920
  -24.426000     0.007350
  -24.416000     0.006810
  -24.406000     0.006280
  -24.396000     0.005770
  -24.386000     0.005260
  -24.376000     0.004793
  -24.366000     0.004325
  -24.356000     0.003880
  -24.346000     0.003459
  -24.336000     0.003040
  -24.326000     0.002655
  -24.316000     0.002274
  -24.306000     0.001915
  -24.296000     0.001570
  -24.286000     0.001248
  -24.276000     0.000937
  -24.266000     0.000643
  -24.256000     0.000365
  -24.246000     0.000102
  -24.236000    -0.000146
  -24.226000    -0.000379
  -24.216000    -0.000598
  -24.206000    -0.000802
  -24.196000    -0.000993
  -24.186000    -0.001171
  -24.176000    -0.001335
  -24.166000    -0.001484
  -24.156000    -0.001630
  -24.146000    -0.001755
  -24.136000    -0.001877
  -24.126000    -0.001977
  -24.116000    -0.002075
  -24.106000    -0.002162
  -24.096000    -0.002236
  -24.086000    -0.002299
  -24.076000    -0.002360
  -24.066000    -0.002409
  -24.056000    -0.002447
  -24.046000    -0.002483
  -24.036000    -0.002508
  -24.026000    -0.002522
  -24.016000    -0.002534
  -24.006000    -0.002545
  -23.996000    -0.002545
  -23.986000    -0.002545
  -23.976000    -0.002533
  -23.966000    -0.002520
  -23.956000    -0.002496
  -23.946000    -0.002472
  -23.936000    -0.002447
  -23.926000    -0.002421
  -23.916000    -0.002385
  -23.906000    -0.002348
  -23.896000    -0.002311
  -23.886000    -0.002273
  -23.876000    -0.002235
  -23.866000    -0.002187
  -23.856000    -0.002138
  -23.846000    -0.002089
  -23.836000    -0.002040
  -23.826000    -0.001990
  -23.816000    -0.001940
  -23.806000    -0.001891
  -23.796000    -0.001841
  -23.786000    -0.001791
  -23.776000    -0.001741
  -23.766000    -0.001681
  -23.756000    -0.001631
  -23.746000    -0.001581
  -23.736000    -0.001532
  -23.726000    -0.001482
  -23.716000    -0.001432
  -23.706000    -0.001383
  -23.696000    -0.001333
  -23.686000    -0.001284
  -23.676000    -0.001233
  -23.666000    -0.001186
  -23.656000    -0.001140
  -23.646000    -0.001095
  -23.636000    -0.001051
  -23.626000    -0.001008
  -23.616000    -0.000966
  -23.606000    -0.000925
  -23.596000    -0.000886
  -23.586000    -0.000848
  -23.576000    -0.000810
  -23.566000    -0.000774
  -23.556000    -0.000739
  -23.546000    -0.000704
  -23.536000    -0.000672
  -23.526000    -0.000640
  -23.516000    -0.000609
  -23.506000    -0.000580
  -23.496000    -0.000551
  -23.486000    -0.000524
  -23.476000    -0.000498
  -23.466000    -0.000472
  -23.456000    -0.000447
  -23.446000    -0.000425
  -23.436000    -0.000402
  -23.426000    -0.000381
  -23.416000    -0.000361
  -23.406000    -0.000341
  -23.396000    -0.000322
  -23.386000    -0.000304
  -23.376000    -0.000287
  -23.366000    -0.000271
  -23.356000    -0.000256
  -23.346000    -0.000241
  -23.336000    -0.000226
  -23.326000    -0.000214
  -23.316000    -0.000200
  -23.306000    -0.000189
  -23.296000    -0.000178
  -23.286000    -0.000167
  -23.276000    -0.000157
  -23.266000    -0.000147
  -23.256000    -0.000137
  -23.246000    -0.000129
  -23.236000    -0.000121
  -23.226000    -0.000113
  -23.216000    -0.000106
  -23.206000    -0.000099
  -23.196000    -0.000092
  -23.186000    -0.000086
  -23.176000    -0.000081
  -23.166000    -0.000075
  -23.156000    -0.000070
  -23.146000    -0.000065
  -23.136000    -0.000061
  -23.126000    -0.000057
  -23.116000    -0.000053
  -23.106000    -0.000049
  -23.096000    -0.000046
  -23.086000    -0.000042
  -23.076000    -0.000039
  -23.066000    -0.000036
  -23.056000    -0.000034
  -23.046000    -0.000031
  -23.036000    -0.000029
  -23.026000    -0.000027
  -23.016000    -0.000025
  -23.006000    -0.000023
  -22.996000    -0.000021
  -22.986000    -0.000020
  -22.976000    -0.000018
  -22.966000    -0.000017
  -22.956000    -0.000016
  -22.946000    -0.000014
  -22.936000    -0.000013
  -22.926000    -0.000012
  -22.916000    -0.000011
  -22.906000    -0.000010
  -22.896000    -0.000010
  -22.886000    -0.000009
  -22.876000    -0.000008
  -22.866000    -0.000007
  -22.856000    -0.000007
  -22.846000    -0.000006
  -22.836000    -0.000006
  -22.826000    -0.000005
  -22.816000    -0.000005
  -22.806000    -0.000004
  -22.796000    -0.000004
  -22.786000    -0.000004
  -22.776000    -0.000003
  -22.766000    -0.000003
  -22.756000    -0.000003
  -22.746000    -0.000003
  -22.736000    -0.000002
  -22.726000    -0.000002
  -22.716000    -0.000002
  -22.706000    -0.000002
  -22.696000    -0.000002
  -22.686000    -0.000002
  -22.676000    -0.000001
  -22.666000    -0.000001
  -22.656000    -0.000001
  -22.646000    -0.000001
  -22.636000    -0.000001
  -22.626000    -0.000001
  -22.616000    -0.000001
  -22.606000    -0.000001
  -22.596000    -0.000001
  -22.586000    -0.000001
  -22.576000    -0.000001
  -22.566000    -0.000001
  -22.556000    -0.000001
  -22.546000    -0.000001
  -22.536000    -0.000001
  -22.526000    -0.000001
  -22.516000    -0.000001
  -22.506000    -0.000001
  -22.496000    -0.000001
  -22.486000    -0.000001
  -22.476000    -0.000001
  -22.466000    -0.000001
  -22.456000    -0.000001
  -22.446000    -0.000001
  -22.436000    -0.000001
  -22.426000    -0.000001
  -22.416000    -0.000001
  -22.406000    -0.000001
  -22.396000    -0.000002
  -22.386000    -0.000002
  -22.376000    -0.000002
  -22.366000    -0.000002
  -22.356000    -0.000002
  -22.346000    -0.000002
  -22.336000    -0.000002
  -22.326000    -0.000003
  -22.316000    -0.000003
  -22.306000    -0.000003
  -22.296000    -0.000003
  -22.286000    -0.000003
  -22.276000    -0.000004
  -22.266000    -0.000004
  -22.256000    -0.000004
  -22.246000    -0.000005
  -22.236000    -0.000005
  -22.226000    -0.000005
  -22.216000    -0.000006
  -22.206000    -0.000006
  -22.196000    -0.000007
  -22.186000    -0.000007
  -22.176000    -0.000008
  -22.166000    -0.000008
  -22.156000    -0.000009
  -22.146000    -0.000009
  -22.136000    -0.000010
  -22.126000    -0.000011
  -22.116000    -0.000011
  -22.106000    -0.000012
  -22.096000    -0.000013
  -22.086000    -0.000014
  -22.076000    -0.000014
  -22.066000    -0.000015
  -22.056000    -0.000016
  -22.046000    -0.000017
  -22.036000    -0.000019
  -22.026000    -0.000020
  -22.016000    -0.000021
  -22.006000    -0.000022
  -21.996000    -0.000024
  -21.986000    -0.000025
  -21.976000    -0.000026
  -21.966000    -0.000028
  -21.956000    -0.000030
  -21.946000    -0.000031
  -21.936000    -0.000033
  -21.926000    -0.000035
  -21.916000    -0.000037
  -21.906000    -0.000039
  -21.896000    -0.000041
  -21.886000    -0.000043
  -21.876000    -0.000046
  -21.866000    -0.000048
  -21.856000    -0.000050
  -21.846000    -0.000053
  -21.836000    -0.000056
  -21.826000    -0.000058
  -21.816000    -0.000061
  -21.806000    -0.000064
  -21.796000    -0.000067
  -21.786000    -0.000070
  -21.776000    -0.000073
  -21.766000    -0.000077
  -21.756000    -0.000080
  -21.746000    -0.000084
  -21.736000    -0.000087
  -21.726000    -0.000091
  -21.716000    -0.000095
  -21.706000    -0.000099
  -21.696000    -0.000103
  -21.686000    -0.000107
  -21.676000    -0.000111
  -21.666000    -0.000115
  -21.656000    -0.000120
  -21.646000    -0.000124
  -21.636000    -0.000128
  -21.626000    -0.000133
  -21.616000    -0.000137
  -21.606000    -0.000141
  -21.596000    -0.000146
  -21.586000    -0.000151
  -21.576000    -0.000155
  -21.566000    -0.000159
  -21.556000    -0.000164
  -21.546000    -0.000169
  -21.536000    -0.000172
  -21.526000    -0.000177
  -21.516000    -0.000182
  -21.506000    -0.000185
  -21.496000    -0.000189
  -21.486000    -0.000194
  -21.476000    -0.000197
  -21.466000    -0.000201
  -21.456000    -0.000203
  -21.446000    -0.000207
  -21.436000    -0.000209
  -21.426000    -0.000212
  -21.416000    -0.000214
  -21.406000    -0.000216
  -21.396000    -0.000218
  -21.386000    -0.000219
  -21.376000    -0.000220
  -21.366000    -0.000220
  -21.356000    -0.000220
  -21.346000    -0.000220
  -21.336000    -0.000219
  -21.326000    -0.000216
  -21.316000    -0.000214
  -21.306000    -0.000212
  -21.296000    -0.000208
  -21.286000    -0.000203
  -21.276000    -0.000199
  -21.266000    -0.000193
  -21.256000    -0.000187
  -21.246000    -0.000178
  -21.236000    -0.000171
  -21.226000    -0.000161
  -21.216000    -0.000151
  -21.206000    -0.000140
  -21.196000    -0.000128
  -21.186000    -0.000115
  -21.176000    -0.000101
  -21.166000    -0.000085
  -21.156000    -0.000069
  -21.146000    -0.000051
  -21.136000    -0.000032
  -21.126000    -0.000012
  -21.116000     0.000009
  -21.106000     0.000032
  -21.096000     0.000056
  -21.086000     0.000081
  -21.076000     0.000108
  -21.066000     0.000135
  -21.056000     0.000165
  -21.046000     0.000196
  -21.036000     0.000228
  -21.026000     0.000262
  -21.016000     0.000298
  -21.006000     0.000334
  -20.996000     0.000373
  -20.986000     0.000412
  -20.976000     0.000452
  -20.966000     0.000495
  -20.956000     0.000539
  -20.946000     0.000585
  -20.936000     0.000631
  -20.926000     0.000680
  -20.916000     0.000729
  -20.906000     0.000780
  -20.896000     0.000832
  -20.886000     0.000886
  -20.876000     0.000942
  -20.866000     0.000998
  -20.856000     0.001055
  -20.846000     0.001113
  -20.836000     0.001173
  -20.826000     0.001237
  -20.816000     0.001297
  -20.806000     0.001357
  -20.796000     0.001417
  -20.786000     0.001487
  -20.776000     0.001548
  -20.766000     0.001618
  -20.756000     0.001679
  -20.746000     0.001749
  -20.736000     0.001820
  -20.726000     0.001880
  -20.716000     0.001951
  -20.706000     0.002021
  -20.696000     0.002092
  -20.686000     0.002153
  -20.676000     0.002223
  -20.666000     0.002294
  -20.656000     0.002354
  -20.646000     0.002424
  -20.636000     0.002495
  -20.626000     0.002555
  -20.616000     0.002625
  -20.606000     0.002684
  -20.596000     0.002754
  -20.586000     0.002813
  -20.576000     0.002872
  -20.566000     0.002931
  -20.556000     0.002990
  -20.546000     0.003048
  -20.536000     0.003106
  -20.526000     0.003154
  -20.516000     0.003212
  -20.506000     0.003259
  -20.496000     0.003306
  -20.486000     0.003352
  -20.476000     0.003398
  -20.466000     0.003444
  -20.456000     0.003479
  -20.446000     0.003514
  -20.436000     0.003548
  -20.426000     0.003582
  -20.416000     0.003616
  -20.406000     0.003639
  -20.396000     0.003661
  -20.386000     0.003683
  -20.376000     0.003705
  -20.366000     0.003726
  -20.356000     0.003737
  -20.346000     0.003747
  -20.336000     0.003757
  -20.326000     0.003756
  -20.316000     0.003765
  -20.306000     0.003763
  -20.296000     0.003761
  -20.286000     0.003749
  -20.276000     0.003736
  -20.266000     0.003732
  -20.256000     0.003708
  -20.246000     0.003694
  -20.236000     0.003679
  -20.226000     0.003654
  -20.216000     0.003628
  -20.206000     0.003592
  -20.196000     0.003566
  -20.186000     0.003529
  -20.176000     0.003492
  -20.166000     0.003455
  -20.156000     0.003417
  -20.146000     0.003380
  -20.136000     0.003332
  -20.126000     0.003284
  -20.116000     0.003235
  -20.106000     0.003187
  -20.096000     0.003138
  -20.086000     0.003090
  -20.076000     0.003041
  -20.066000     0.002983
  -20.056000     0.002924
  -20.046000     0.002876
  -20.036000     0.002817
  -20.026000     0.002759
  -20.016000     0.002701
  -20.006000     0.002653
  -19.996000     0.002595
  -19.986000     0.002538
  -19.976000     0.002481
  -19.966000     0.002425
  -19.956000     0.002368
  -19.946000     0.002313
  -19.936000     0.002267
  -19.926000     0.002213
  -19.916000     0.002159
  -19.906000     0.002115
  -19.896000     0.002072
  -19.886000     0.002020
  -19.876000     0.001978
  -19.866000     0.001938
  -19.856000     0.001898
  -19.846000     0.001858
  -19.836000     0.001830
  -19.826000     0.001803
  -19.816000     0.001766
  -19.806000     0.001740
  -19.796000     0.001726
  -19.786000     0.001702
  -19.776000     0.001689
  -19.766000     0.001678
  -19.756000     0.001667
  -19.746000     0.001658
  -19.736000     0.001659
  -19.726000     0.001662
  -19.716000     0.001666
  -19.706000     0.001671
  -19.696000     0.001687
  -19.686000     0.001704
  -19.676000     0.001722
  -19.666000     0.001752
  -19.656000     0.001772
  -19.646000     0.001804
  -19.636000     0.001847
  -19.626000     0.001881
  -19.616000     0.001926
  -19.606000     0.001972
  -19.596000     0.002029
  -19.586000     0.002087
  -19.576000     0.002136
  -19.566000     0.002207
  -19.556000     0.002268
  -19.546000     0.002340
  -19.536000     0.002413
  -19.526000     0.002487
  -19.516000     0.002562
  -19.506000     0.002648
  -19.496000     0.002734
  -19.486000     0.002820
  -19.476000     0.002910
  -19.466000     0.003000
  -19.456000     0.003100
  -19.446000     0.003200
  -19.436000     0.003290
  -19.426000     0.003400
  -19.416000     0.003500
  -19.406000     0.003600
  -19.396000     0.003700
  -19.386000     0.003810
  -19.376000     0.003910
  -19.366000     0.004020
  -19.356000     0.004120
  -19.346000     0.004230
  -19.336000     0.004340
  -19.326000     0.004440
  -19.316000     0.004550
  -19.306000     0.004660
  -19.296000     0.004760
  -19.286000     0.004870
  -19.276000     0.004970
  -19.266000     0.005080
  -19.256000     0.005180
  -19.246000     0.005270
  -19.236000     0.005370
  -19.226000     0.005460
  -19.216000     0.005550
  -19.206000     0.005650
  -19.196000     0.005730
  -19.186000     0.005810
  -19.176000     0.005890
  -19.166000     0.005960
  -19.156000     0.006040
  -19.146000     0.006110
  -19.136000     0.006180
  -19.126000     0.006240
  -19.116000     0.006290
  -19.106000     0.006350
  -19.096000     0.006400
  -19.086000     0.006440
  -19.076000     0.006490
  -19.066000     0.006520
  -19.056000     0.006550
  -19.046000     0.006580
  -19.036000     0.006590
  -19.026000     0.006610
  -19.016000     0.006620
  -19.006000     0.006630
  -18.996000     0.006630
  -18.986000     0.006630
  -18.976000     0.006620
  -18.966000     0.006610
  -18.956000     0.006600
  -18.946000     0.006570
  -18.936000     0.006550
  -18.926000     0.006510
  -18.916000     0.006470
  -18.906000     0.006430
  -18.896000     0.006390
  -18.886000     0.006340
  -18.876000     0.006280
  -18.866000     0.006220
  -18.856000     0.006160
  -18.846000     0.006090
  -18.836000     0.006020
  -18.826000     0.005940
  -18.816000     0.005860
  -18.806000     0.005780
  -18.796000     0.005700
  -18.786000     0.005600
  -18.776000     0.005510
  -18.766000     0.005410
  -18.756000     0.005310
  -18.746000     0.005210
  -18.736000     0.005100
  -18.726000     0.005000
  -18.716000     0.004890
  -18.706000     0.004780
  -18.696000     0.004660
  -18.686000     0.004540
  -18.676000     0.004430
  -18.666000     0.004310
  -18.656000     0.004180
  -18.646000     0.004070
  -18.636000     0.003940
  -18.626000     0.003820
  -18.616000     0.003690
  -18.606000     0.003570
  -18.596000     0.003440
  -18.586000     0.003310
  -18.576000     0.003200
  -18.566000     0.003070
  -18.556000     0.002950
  -18.546000     0.002820
  -18.536000     0.002696
  -18.526000     0.002570
  -18.516000     0.002445
  -18.506000     0.002321
  -18.496000     0.002196
  -18.486000     0.002082
  -18.476000     0.001959
  -18.466000     0.001835
  -18.456000     0.001723
  -18.446000     0.001610
  -18.436000     0.001492
  -18.426000     0.001378
  -18.416000     0.001266
  -18.406000     0.001156
  -18.396000     0.001048
  -18.386000     0.000941
  -18.376000     0.000836
  -18.366000     0.000732
  -18.356000     0.000630
  -18.346000     0.000531
  -18.336000     0.000433
  -18.326000     0.000337
  -18.316000     0.000244
  -18.306000     0.000152
  -18.296000     0.000062
  -18.286000    -0.000026
  -18.276000    -0.000111
  -18.266000    -0.000195
  -18.256000    -0.000277
  -18.246000    -0.000356
  -18.236000    -0.000434
  -18.226000    -0.000509
  -18.216000    -0.000582
  -18.206000    -0.000654
  -18.196000    -0.000723
  -18.186000    -0.000789
  -18.176000    -0.000854
  -18.166000    -0.000916
  -18.156000    -0.000977
  -18.146000    -0.001034
  -18.136000    -0.001090
  -18.126000    -0.001143
  -18.116000    -0.001195
  -18.106000    -0.001243
  -18.096000    -0.001290
  -18.086000    -0.001333
  -18.076000    -0.001374
  -18.066000    -0.001413
  -18.056000    -0.001450
  -18.046000    -0.001483
  -18.036000    -0.001514
  -18.026000    -0.001542
  -18.016000    -0.001563
  -18.006000    -0.001591
  -17.996000    -0.001608
  -17.986000    -0.001624
  -17.976000    -0.001638
  -17.966000    -0.001641
  -17.956000    -0.001653
  -17.946000    -0.001654
  -17.936000    -0.001654
  -17.926000    -0.001642
  -17.916000    -0.001638
  -17.906000    -0.001623
  -17.896000    -0.001607
  -17.886000    -0.001579
  -17.876000    -0.001560
  -17.866000    -0.001524
  -17.856000    -0.001487
  -17.846000    -0.001445
  -17.836000    -0.001398
  -17.826000    -0.001346
  -17.816000    -0.001287
  -17.806000    -0.001224
  -17.796000    -0.001154
  -17.786000    -0.001078
  -17.776000    -0.000996
  -17.766000    -0.000908
  -17.756000    -0.000812
  -17.746000    -0.000711
  -17.736000    -0.000601
  -17.726000    -0.000486
  -17.716000    -0.000362
  -17.706000    -0.000231
  -17.696000    -0.000093
  -17.686000     0.000052
  -17.676000     0.000206
  -17.666000     0.000368
  -17.656000     0.000538
  -17.646000     0.000715
  -17.636000     0.000902
  -17.626000     0.001096
  -17.616000     0.001299
  -17.606000     0.001510
  -17.596000     0.001735
  -17.586000     0.001955
  -17.576000     0.002198
  -17.566000     0.002444
  -17.556000     0.002693
  -17.546000     0.002960
  -17.536000     0.003230
  -17.526000     0.003510
  -17.516000     0.003800
  -17.506000     0.004090
  -17.496000     0.004400
  -17.486000     0.004710
  -17.476000     0.005030
  -17.466000     0.005360
  -17.456000     0.005700
  -17.446000     0.006040
  -17.436000     0.006390
  -17.426000     0.006740
  -17.416000     0.007110
  -17.406000     0.007470
  -17.396000     0.007850
  -17.386000     0.008220
  -17.376000     0.008620
  -17.366000     0.009010
  -17.356000     0.009390
  -17.346000     0.009790
  -17.336000     0.010190
  -17.326000     0.010610
  -17.316000     0.011010
  -17.306000     0.011420
  -17.296000     0.011840
  -17.286000     0.012240
  -17.276000     0.012660
  -17.266000     0.013070
  -17.256000     0.013490
  -17.246000     0.013900
  -17.236000     0.014310
  -17.226000     0.014720
  -17.216000     0.015120
  -17.206000     0.015540
  -17.196000     0.015880
  -17.186000     0.016320
  -17.176000     0.016760
  -17.166000     0.017090
  -17.156000     0.017420
  -17.146000     0.017850
  -17.136000     0.018180
  -17.126000     0.018600
  -17.116000     0.018920
  -17.106000     0.019240
  -17.096000     0.019560
  -17.086000     0.019870
  -17.076000     0.020180
  -17.066000     0.020480
  -17.056000     0.020780
  -17.046000     0.021070
  -17.036000     0.021270
  -17.026000     0.021550
  -17.016000     0.021730
  -17.006000     0.022010
  -16.996000     0.022180
  -16.986000     0.022350
  -16.976000     0.022610
  -16.966000     0.022760
  -16.956000     0.022910
  -16.946000     0.022960
  -16.936000     0.023100
  -16.926000     0.023230
  -16.916000     0.023260
  -16.906000     0.023380
  -16.896000     0.023400
  -16.886000     0.023410
  -16.876000     0.023410
  -16.866000     0.023410
  -16.856000     0.023400
  -16.846000     0.023390
  -16.836000     0.023270
  -16.826000     0.023240
  -16.816000     0.023110
  -16.806000     0.023070
  -16.796000     0.022930
  -16.786000     0.022780
  -16.776000     0.022630
  -16.766000     0.022470
  -16.756000     0.022310
  -16.746000     0.022140
  -16.736000     0.021860
  -16.726000     0.021690
  -16.716000     0.021400
  -16.706000     0.021210
  -16.696000     0.020920
  -16.686000     0.020620
  -16.676000     0.020320
  -16.666000     0.020020
  -16.656000     0.019710
  -16.646000     0.019390
  -16.636000     0.019080
  -16.626000     0.018760
  -16.616000     0.018440
  -16.606000     0.018010
  -16.596000     0.017680
  -16.586000     0.017250
  -16.576000     0.016920
  -16.566000     0.016580
  -16.556000     0.016150
  -16.546000     0.015710
  -16.536000     0.015360
  -16.526000     0.014960
  -16.516000     0.014560
  -16.506000     0.014160
  -16.496000     0.013750
  -16.486000     0.013340
  -16.476000     0.012940
  -16.466000     0.012520
  -16.456000     0.012120
  -16.446000     0.011720
  -16.436000     0.011310
  -16.426000     0.010910
  -16.416000     0.010500
  -16.406000     0.010120
  -16.396000     0.009720
  -16.386000     0.009330
  -16.376000     0.008940
  -16.366000     0.008560
  -16.356000     0.008190
  -16.346000     0.007820
  -16.336000     0.007450
  -16.326000     0.007100
  -16.316000     0.006740
  -16.306000     0.006400
  -16.296000     0.006060
  -16.286000     0.005740
  -16.276000     0.005410
  -16.266000     0.005090
  -16.256000     0.004790
  -16.246000     0.004490
  -16.236000     0.004200
  -16.226000     0.003920
  -16.216000     0.003640
  -16.206000     0.003380
  -16.196000     0.003120
  -16.186000     0.002871
  -16.176000     0.002626
  -16.166000     0.002395
  -16.156000     0.002176
  -16.146000     0.001961
  -16.136000     0.001749
  -16.126000     0.001559
  -16.116000     0.001365
  -16.106000     0.001184
  -16.096000     0.001011
  -16.086000     0.000846
  -16.076000     0.000689
  -16.066000     0.000541
  -16.056000     0.000399
  -16.046000     0.000266
  -16.036000     0.000140
  -16.026000     0.000021
  -16.016000    -0.000091
  -16.006000    -0.000197
  -15.996000    -0.000294
  -15.986000    -0.000386
  -15.976000    -0.000472
  -15.966000    -0.000550
  -15.956000    -0.000624
  -15.946000    -0.000691
  -15.936000    -0.000752
  -15.926000    -0.000809
  -15.916000    -0.000861
  -15.906000    -0.000907
  -15.896000    -0.000948
  -15.886000    -0.000986
  -15.876000    -0.001018
  -15.866000    -0.001047
  -15.856000    -0.001072
  -15.846000    -0.001092
  -15.836000    -0.001110
  -15.826000    -0.001125
  -15.816000    -0.001135
  -15.806000    -0.001144
  -15.796000    -0.001148
  -15.786000    -0.001151
  -15.776000    -0.001152
  -15.766000    -0.001150
  -15.756000    -0.001146
  -15.746000    -0.001140
  -15.736000    -0.001133
  -15.726000    -0.001124
  -15.716000    -0.001113
  -15.706000    -0.001101
  -15.696000    -0.001088
  -15.686000    -0.001075
  -15.676000    -0.001059
  -15.666000    -0.001044
  -15.656000    -0.001027
  -15.646000    -0.001011
  -15.636000    -0.000993
  -15.626000    -0.000975
  -15.616000    -0.000958
  -15.606000    -0.000940
  -15.596000    -0.000922
  -15.586000    -0.000904
  -15.576000    -0.000886
  -15.566000    -0.000868
  -15.556000    -0.000852
  -15.546000    -0.000835
  -15.536000    -0.000818
  -15.526000    -0.000802
  -15.516000    -0.000786
  -15.506000    -0.000771
  -15.496000    -0.000757
  -15.486000    -0.000743
  -15.476000    -0.000730
  -15.466000    -0.000719
  -15.456000    -0.000707
  -15.446000    -0.000696
  -15.436000    -0.000687
  -15.426000    -0.000678
  -15.416000    -0.000670
  -15.406000    -0.000664
  -15.396000    -0.000658
  -15.386000    -0.000653
  -15.376000    -0.000649
  -15.366000    -0.000646
  -15.356000    -0.000645
  -15.346000    -0.000644
  -15.336000    -0.000644
  -15.326000    -0.000645
  -15.316000    -0.000648
  -15.306000    -0.000651
  -15.296000    -0.000656
  -15.286000    -0.000662
  -15.276000    -0.000668
  -15.266000    -0.000675
  -15.256000    -0.000684
  -15.246000    -0.000693
  -15.236000    -0.000704
  -15.226000    -0.000716
  -15.216000    -0.000728
  -15.206000    -0.000742
  -15.196000    -0.000756
  -15.186000    -0.000772
  -15.176000    -0.000787
  -15.166000    -0.000805
  -15.156000    -0.000822
  -15.146000    -0.000841
  -15.136000    -0.000860
  -15.126000    -0.000879
  -15.116000    -0.000900
  -15.106000    -0.000920
  -15.096000    -0.000942
  -15.086000    -0.000963
  -15.076000    -0.000985
  -15.066000    -0.001007
  -15.056000    -0.001030
  -15.046000    -0.001053
  -15.036000    -0.001076
  -15.026000    -0.001098
  -15.016000    -0.001121
  -15.006000    -0.001143
  -14.996000    -0.001165
  -14.986000    -0.001187
  -14.976000    -0.001208
  -14.966000    -0.001227
  -14.956000    -0.001246
  -14.946000    -0.001265
  -14.936000    -0.001282
  -14.926000    -0.001299
  -14.916000    -0.001314
  -14.906000    -0.001327
  -14.896000    -0.001338
  -14.886000    -0.001348
  -14.876000    -0.001356
  -14.866000    -0.001362
  -14.856000    -0.001365
  -14.846000    -0.001367
  -14.836000    -0.001365
  -14.826000    -0.001360
  -14.816000    -0.001353
  -14.806000    -0.001342
  -14.796000    -0.001328
  -14.786000    -0.001310
  -14.776000    -0.001289
  -14.766000    -0.001264
  -14.756000    -0.001234
  -14.746000    -0.001200
  -14.736000    -0.001161
  -14.726000    -0.001118
  -14.716000    -0.001068
  -14.706000    -0.001015
  -14.696000    -0.000956
  -14.686000    -0.000891
  -14.676000    -0.000820
  -14.666000    -0.000743
  -14.656000    -0.000660
  -14.646000    -0.000570
  -14.636000    -0.000474
  -14.626000    -0.000371
  -14.616000    -0.000262
  -14.606000    -0.000144
  -14.596000    -0.000020
  -14.586000     0.000113
  -14.576000     0.000253
  -14.566000     0.000400
  -14.556000     0.000555
  -14.546000     0.000719
  -14.536000     0.000891
  -14.526000     0.001071
  -14.516000     0.001259
  -14.506000     0.001457
  -14.496000     0.001661
  -14.486000     0.001876
  -14.476000     0.002100
  -14.466000     0.002330
  -14.456000     0.002570
  -14.446000     0.002820
  -14.436000     0.003070
  -14.426000     0.003350
  -14.416000     0.003620
  -14.406000     0.003900
  -14.396000     0.004200
  -14.386000     0.004490
  -14.376000     0.004800
  -14.366000     0.005120
  -14.356000     0.005450
  -14.346000     0.005780
  -14.336000     0.006120
  -14.326000     0.006470
  -14.316000     0.006820
  -14.306000     0.007180
  -14.296000     0.007550
  -14.286000     0.007930
  -14.276000     0.008310
  -14.266000     0.008690
  -14.256000     0.009090
  -14.246000     0.009480
  -14.236000     0.009890
  -14.226000     0.010290
  -14.216000     0.010700
  -14.206000     0.011120
  -14.196000     0.011540
  -14.186000     0.011960
  -14.176000     0.012380
  -14.166000     0.012810
  -14.156000     0.013230
  -14.146000     0.013660
  -14.136000     0.014080
  -14.126000     0.014510
  -14.116000     0.014940
  -14.106000     0.015360
  -14.096000     0.015780
  -14.086000     0.016210
  -14.076000     0.016630
  -14.066000     0.017050
  -14.056000     0.017460
  -14.046000     0.017860
  -14.036000     0.018310
  -14.026000     0.018670
  -14.016000     0.019030
  -14.006000     0.019490
  -13.996000     0.019850
  -13.986000     0.020200
  -13.976000     0.020540
  -13.966000     0.020880
  -13.956000     0.021220
  -13.946000     0.021550
  -13.936000     0.021980
  -13.926000     0.022200
  -13.916000     0.022520
  -13.906000     0.022800
  -13.896000     0.023100
  -13.886000     0.023400
  -13.876000     0.023700
  -13.866000     0.023900
  -13.856000     0.024200
  -13.846000     0.024400
  -13.836000     0.024600
  -13.826000     0.024800
  -13.816000     0.025000
  -13.806000     0.025200
  -13.796000     0.025400
  -13.786000     0.025500
  -13.776000     0.025600
  -13.766000     0.025700
  -13.756000     0.025900
  -13.746000     0.026000
  -13.736000     0.026000
  -13.726000     0.026100
  -13.716000     0.026200
  -13.706000     0.026100
  -13.696000     0.026200
  -13.686000     0.026200
  -13.676000     0.026200
  -13.666000     0.026200
  -13.656000     0.026200
  -13.646000     0.026100
  -13.636000     0.026000
  -13.626000     0.026000
  -13.616000     0.025900
  -13.606000     0.025800
  -13.596000     0.025600
  -13.586000     0.025600
  -13.576000     0.025500
  -13.566000     0.025300
  -13.556000     0.025170
  -13.546000     0.024960
  -13.536000     0.024750
  -13.526000     0.024640
  -13.516000     0.024420
  -13.506000     0.024200
  -13.496000     0.023980
  -13.486000     0.023750
  -13.476000     0.023520
  -13.466000     0.023290
  -13.456000     0.023050
  -13.446000     0.022810
  -13.436000     0.022580
  -13.426000     0.022330
  -13.416000     0.022090
  -13.406000     0.021850
  -13.396000     0.021500
  -13.386000     0.021250
  -13.376000     0.021010
  -13.366000     0.020660
  -13.356000     0.020410
  -13.346000     0.020060
  -13.336000     0.019810
  -13.326000     0.019570
  -13.316000     0.019220
  -13.306000     0.018970
  -13.296000     0.018620
  -13.286000     0.018380
  -13.276000     0.018030
  -13.266000     0.017690
  -13.256000     0.017440
  -13.246000     0.017100
  -13.236000     0.016860
  -13.226000     0.016520
  -13.216000     0.016290
  -13.206000     0.015950
  -13.196000     0.015620
  -13.186000     0.015390
  -13.176000     0.015060
  -13.166000     0.014730
  -13.156000     0.014490
  -13.146000     0.014210
  -13.136000     0.013930
  -13.126000     0.013650
  -13.116000     0.013370
  -13.106000     0.013100
  -13.096000     0.012820
  -13.086000     0.012550
  -13.076000     0.012290
  -13.066000     0.012030
  -13.056000     0.011770
  -13.046000     0.011520
  -13.036000     0.011260
  -13.026000     0.011010
  -13.016000     0.010760
  -13.006000     0.010510
  -12.996000     0.010270
  -12.986000     0.010040
  -12.976000     0.009800
  -12.966000     0.009570
  -12.956000     0.009340
  -12.946000     0.009110
  -12.936000     0.008890
  -12.926000     0.008660
  -12.916000     0.008440
  -12.906000     0.008230
  -12.896000     0.008020
  -12.886000     0.007810
  -12.876000     0.007600
  -12.866000     0.007400
  -12.856000     0.007190
  -12.846000     0.006990
  -12.836000     0.006790
  -12.826000     0.006600
  -12.816000     0.006400
  -12.806000     0.006210
  -12.796000     0.006020
  -12.786000     0.005830
  -12.776000     0.005650
  -12.766000     0.005460
  -12.756000     0.005280
  -12.746000     0.005100
  -12.736000     0.004930
  -12.726000     0.004750
  -12.716000     0.004582
  -12.706000     0.004404
  -12.696000     0.004237
  -12.686000     0.004071
  -12.676000     0.003905
  -12.666000     0.003740
  -12.656000     0.003585
  -12.646000     0.003422
  -12.636000     0.003258
  -12.626000     0.003105
  -12.616000     0.002953
  -12.606000     0.002802
  -12.596000     0.002650
  -12.586000     0.002499
  -12.576000     0.002349
  -12.566000     0.002209
  -12.556000     0.002070
  -12.546000     0.001921
  -12.536000     0.001783
  -12.526000     0.001655
  -12.516000     0.001517
  -12.506000     0.001380
  -12.496000     0.001254
  -12.486000     0.001128
  -12.476000     0.001003
  -12.466000     0.000879
  -12.456000     0.000758
  -12.446000     0.000640
  -12.436000     0.000525
  -12.426000     0.000411
  -12.416000     0.000302
  -12.406000     0.000195
  -12.396000     0.000091
  -12.386000    -0.000012
  -12.376000    -0.000109
  -12.366000    -0.000205
  -12.356000    -0.000298
  -12.346000    -0.000387
  -12.336000    -0.000471
  -12.326000    -0.000554
  -12.316000    -0.000633
  -12.306000    -0.000707
  -12.296000    -0.000778
  -12.286000    -0.000846
  -12.276000    -0.000909
  -12.266000    -0.000968
  -12.256000    -0.001024
  -12.246000    -0.001075
  -12.236000    -0.001121
  -12.226000    -0.001163
  -12.216000    -0.001201
  -12.206000    -0.001234
  -12.196000    -0.001261
  -12.186000    -0.001284
  -12.176000    -0.001302
  -12.166000    -0.001313
  -12.156000    -0.001321
  -12.146000    -0.001322
  -12.136000    -0.001319
  -12.126000    -0.001309
  -12.116000    -0.001293
  -12.106000    -0.001272
  -12.096000    -0.001245
  -12.086000    -0.001210
  -12.076000    -0.001170
  -12.066000    -0.001124
  -12.056000    -0.001071
  -12.046000    -0.001010
  -12.036000    -0.000944
  -12.026000    -0.000870
  -12.016000    -0.000790
  -12.006000    -0.000703
  -11.996000    -0.000608
  -11.986000    -0.000505
  -11.976000    -0.000395
  -11.966000    -0.000279
  -11.956000    -0.000155
  -11.946000    -0.000022
  -11.936000     0.000117
  -11.926000     0.000265
  -11.916000     0.000420
  -11.906000     0.000582
  -11.896000     0.000754
  -11.886000     0.000932
  -11.876000     0.001118
  -11.866000     0.001311
  -11.856000     0.001513
  -11.846000     0.001725
  -11.836000     0.001941
  -11.826000     0.002160
  -11.816000     0.002390
  -11.806000     0.002640
  -11.796000     0.002880
  -11.786000     0.003130
  -11.776000     0.003400
  -11.766000     0.003660
  -11.756000     0.003940
  -11.746000     0.004220
  -11.736000     0.004510
  -11.726000     0.004800
  -11.716000     0.005100
  -11.706000     0.005400
  -11.696000     0.005720
  -11.686000     0.006030
  -11.676000     0.006350
  -11.666000     0.006680
  -11.656000     0.007010
  -11.646000     0.007340
  -11.636000     0.007680
  -11.626000     0.008020
  -11.616000     0.008370
  -11.606000     0.008710
  -11.596000     0.009050
  -11.586000     0.009400
  -11.576000     0.009760
  -11.566000     0.010110
  -11.556000     0.010460
  -11.546000     0.010820
  -11.536000     0.011180
  -11.526000     0.011530
  -11.516000     0.011880
  -11.506000     0.012220
  -11.496000     0.012570
  -11.486000     0.012920
  -11.476000     0.013260
  -11.466000     0.013600
  -11.456000     0.013930
  -11.446000     0.014260
  -11.436000     0.014580
  -11.426000     0.014910
  -11.416000     0.015220
  -11.406000     0.015530
  -11.396000     0.015820
  -11.386000     0.016120
  -11.376000     0.016400
  -11.366000     0.016680
  -11.356000     0.016950
  -11.346000     0.017210
  -11.336000     0.017460
  -11.326000     0.017710
  -11.316000     0.017940
  -11.306000     0.018160
  -11.296000     0.018370
  -11.286000     0.018580
  -11.276000     0.018760
  -11.266000     0.018950
  -11.256000     0.019110
  -11.246000     0.019310
  -11.236000     0.019380
  -11.226000     0.019540
  -11.216000     0.019700
  -11.206000     0.019750
  -11.196000     0.019900
  -11.186000     0.019940
  -11.176000     0.019970
  -11.166000     0.020100
  -11.156000     0.020120
  -11.146000     0.020140
  -11.136000     0.020150
  -11.126000     0.020160
  -11.116000     0.020150
  -11.106000     0.020140
  -11.096000     0.020030
  -11.086000     0.020010
  -11.076000     0.019980
  -11.066000     0.019850
  -11.056000     0.019820
  -11.046000     0.019670
  -11.036000     0.019520
  -11.026000     0.019470
  -11.016000     0.019300
  -11.006000     0.019150
  -10.996000     0.018990
  -10.986000     0.018820
  -10.976000     0.018630
  -10.966000     0.018440
  -10.956000     0.018240
  -10.946000     0.018010
  -10.936000     0.017780
  -10.926000     0.017550
  -10.916000     0.017300
  -10.906000     0.017040
  -10.896000     0.016780
  -10.886000     0.016500
  -10.876000     0.016220
  -10.866000     0.015940
  -10.856000     0.015630
  -10.846000     0.015330
  -10.836000     0.015010
  -10.826000     0.014690
  -10.816000     0.014360
  -10.806000     0.014030
  -10.796000     0.013680
  -10.786000     0.013340
  -10.776000     0.012980
  -10.766000     0.012620
  -10.756000     0.012260
  -10.746000     0.011890
  -10.736000     0.011520
  -10.726000     0.011140
  -10.716000     0.010750
  -10.706000     0.010380
  -10.696000     0.009990
  -10.686000     0.009590
  -10.676000     0.009190
  -10.666000     0.008800
  -10.656000     0.008400
  -10.646000     0.007990
  -10.636000     0.007590
  -10.626000     0.007180
  -10.616000     0.006780
  -10.606000     0.006380
  -10.596000     0.005970
  -10.586000     0.005560
  -10.576000     0.005150
  -10.566000     0.004750
  -10.556000     0.004340
  -10.546000     0.003940
  -10.536000     0.003537
  -10.526000     0.003143
  -10.516000     0.002750
  -10.506000     0.002361
  -10.496000     0.001974
  -10.486000     0.001592
  -10.476000     0.001213
  -10.466000     0.000839
  -10.456000     0.000480
  -10.446000     0.000120
  -10.436000    -0.000230
  -10.426000    -0.000570
  -10.416000    -0.000900
  -10.406000    -0.001226
  -10.396000    -0.001530
  -10.386000    -0.001831
  -10.376000    -0.002110
  -10.366000    -0.002386
  -10.356000    -0.002638
  -10.346000    -0.002877
  -10.336000    -0.003102
  -10.326000    -0.003314
  -10.316000    -0.003501
  -10.306000    -0.003663
  -10.296000    -0.003811
  -10.286000    -0.003934
  -10.276000    -0.004031
  -10.266000    -0.004102
  -10.256000    -0.004150
  -10.246000    -0.004170
  -10.236000    -0.004160
  -10.226000    -0.004110
  -10.216000    -0.004040
  -10.206000    -0.003940
  -10.196000    -0.003800
  -10.186000    -0.003620
  -10.176000    -0.003400
  -10.166000    -0.003160
  -10.156000    -0.002860
  -10.146000    -0.002530
  -10.136000    -0.002151
  -10.126000    -0.001729
  -10.116000    -0.001264
  -10.106000    -0.000745
  -10.096000    -0.000180
  -10.086000     0.000430
  -10.076000     0.001100
  -10.066000     0.001817
  -10.056000     0.002583
  -10.046000     0.003415
  -10.036000     0.004292
  -10.026000     0.005237
  -10.016000     0.006238
  -10.006000     0.007297
   -9.996000     0.008414
   -9.986000     0.009590
   -9.976000     0.010854
   -9.966000     0.012140
   -9.956000     0.013540
   -9.946000     0.014970
   -9.936000     0.016410
   -9.926000     0.017980
   -9.916000     0.019560
   -9.906000     0.021270
   -9.896000     0.023000
   -9.886000     0.024850
   -9.876000     0.026730
   -9.866000     0.028630
   -9.856000     0.030650
   -9.846000     0.032690
   -9.836000     0.034860
   -9.826000     0.037050
   -9.816000     0.039270
   -9.806000     0.041600
   -9.796000     0.043970
   -9.786000     0.046350
   -9.776000     0.048900
   -9.766000     0.051400
   -9.756000     0.054000
   -9.746000     0.056600
   -9.736000     0.059200
   -9.726000     0.062000
   -9.716000     0.064700
   -9.706000     0.067600
   -9.696000     0.070400
   -9.686000     0.073300
   -9.676000     0.076100
   -9.666000     0.079100
   -9.656000     0.082000
   -9.646000     0.085000
   -9.636000     0.088000
   -9.626000     0.091100
   -9.616000     0.094100
   -9.606000     0.097100
   -9.596000     0.100200
   -9.586000     0.103300
   -9.576000     0.106300
   -9.566000     0.109300
   -9.556000     0.112300
   -9.546000     0.115400
   -9.536000     0.118300
   -9.526000     0.121400
   -9.516000     0.124300
   -9.506000     0.127200
   -9.496000     0.130100
   -9.486000     0.133000
   -9.476000     0.135800
   -9.466000     0.138600
   -9.456000     0.141300
   -9.446000     0.144000
   -9.436000     0.146700
   -9.426000     0.148900
   -9.416000     0.152100
   -9.406000     0.154200
   -9.396000     0.156400
   -9.386000     0.158600
   -9.376000     0.160700
   -9.366000     0.162900
   -9.356000     0.165000
   -9.346000     0.167200
   -9.336000     0.169300
   -9.326000     0.171400
   -9.316000     0.172400
   -9.306000     0.174500
   -9.296000     0.175500
   -9.286000     0.177500
   -9.276000     0.178500
   -9.266000     0.180500
   -9.256000     0.181500
   -9.246000     0.182400
   -9.236000     0.183300
   -9.226000     0.184200
   -9.216000     0.185000
   -9.206000     0.185800
   -9.196000     0.185600
   -9.186000     0.186400
   -9.176000     0.187100
   -9.166000     0.186800
   -9.156000     0.187400
   -9.146000     0.187100
   -9.136000     0.187700
   -9.126000     0.187200
   -9.116000     0.186700
   -9.106000     0.186200
   -9.096000     0.185700
   -9.086000     0.185100
   -9.076000     0.184500
   -9.066000     0.183800
   -9.056000     0.183100
   -9.046000     0.182400
   -9.036000     0.181600
   -9.026000     0.180800
   -9.016000     0.180000
   -9.006000     0.178400
   -8.996000     0.177100
   -8.986000     0.175900
   -8.976000     0.174600
   -8.966000     0.173200
   -8.956000     0.171700
   -8.946000     0.170200
   -8.936000     0.168700
   -8.926000     0.167300
   -8.916000     0.165700
   -8.906000     0.164100
   -8.896000     0.162400
   -8.886000     0.160800
   -8.876000     0.159100
   -8.866000     0.157400
   -8.856000     0.155800
   -8.846000     0.154100
   -8.836000     0.152400
   -8.826000     0.150700
   -8.816000     0.149100
   -8.806000     0.147500
   -8.796000     0.145900
   -8.786000     0.144300
   -8.776000     0.142700
   -8.766000     0.141200
   -8.756000     0.139800
   -8.746000     0.138300
   -8.736000     0.136900
   -8.726000     0.135500
   -8.716000     0.134300
   -8.706000     0.133000
   -8.696000     0.131900
   -8.686000     0.130800
   -8.676000     0.129700
   -8.666000     0.128700
   -8.656000     0.127800
   -8.646000     0.127000
   -8.636000     0.126200
   -8.626000     0.125600
   -8.616000     0.125000
   -8.606000     0.124600
   -8.596000     0.124100
   -8.586000     0.123800
   -8.576000     0.123600
   -8.566000     0.123400
   -8.556000     0.123400
   -8.546000     0.123400
   -8.536000     0.123600
   -8.526000     0.123900
   -8.516000     0.124200
   -8.506000     0.124600
   -8.496000     0.125200
   -8.486000     0.125800
   -8.476000     0.126500
   -8.466000     0.127400
   -8.456000     0.128300
   -8.446000     0.129400
   -8.436000     0.130500
   -8.426000     0.131600
   -8.416000     0.133000
   -8.406000     0.134300
   -8.396000     0.135800
   -8.386000     0.137400
   -8.376000     0.139100
   -8.366000     0.140800
   -8.356000     0.142600
   -8.346000     0.144100
   -8.336000     0.146500
   -8.326000     0.149000
   -8.316000     0.150500
   -8.306000     0.152900
   -8.296000     0.155400
   -8.286000     0.156900
   -8.276000     0.159500
   -8.266000     0.162000
   -8.256000     0.164600
   -8.246000     0.167200
   -8.236000     0.169800
   -8.226000     0.172400
   -8.216000     0.175000
   -8.206000     0.177700
   -8.196000     0.180300
   -8.186000     0.183000
   -8.176000     0.185700
   -8.166000     0.188500
   -8.156000     0.191200
   -8.146000     0.194000
   -8.136000     0.196800
   -8.126000     0.199700
   -8.116000     0.202500
   -8.106000     0.205400
   -8.096000     0.208400
   -8.086000     0.211300
   -8.076000     0.213300
   -8.066000     0.216300
   -8.056000     0.219300
   -8.046000     0.221400
   -8.036000     0.224500
   -8.026000     0.226700
   -8.016000     0.229800
   -8.006000     0.232100
   -7.996000     0.234300
   -7.986000     0.236600
   -7.976000     0.239000
   -7.966000     0.241300
   -7.956000     0.243800
   -7.946000     0.246200
   -7.936000     0.247700
   -7.926000     0.250300
   -7.916000     0.251900
   -7.906000     0.254600
   -7.896000     0.256300
   -7.886000     0.258000
   -7.876000     0.259800
   -7.866000     0.261700
   -7.856000     0.262600
   -7.846000     0.264600
   -7.836000     0.265600
   -7.826000     0.267700
   -7.816000     0.268900
   -7.806000     0.270100
   -7.796000     0.271400
   -7.786000     0.272700
   -7.776000     0.273100
   -7.766000     0.274500
   -7.756000     0.275000
   -7.746000     0.275600
   -7.736000     0.277300
   -7.726000     0.278000
   -7.716000     0.277700
   -7.706000     0.278600
   -7.696000     0.279500
   -7.686000     0.279400
   -7.676000     0.280400
   -7.666000     0.280500
   -7.656000     0.280700
   -7.646000     0.280900
   -7.636000     0.281100
   -7.626000     0.281500
   -7.616000     0.281900
   -7.606000     0.281300
   -7.596000     0.281800
   -7.586000     0.281400
   -7.576000     0.282000
   -7.566000     0.281600
   -7.556000     0.281000
   -7.546000     0.281000
   -7.536000     0.281000
   -7.526000     0.282000
   -7.516000     0.281000
   -7.506000     0.281000
   -7.496000     0.281000
   -7.486000     0.281000
   -7.476000     0.281000
   -7.466000     0.280000
   -7.456000     0.280000
   -7.446000     0.280000
   -7.436000     0.279000
   -7.426000     0.279000
   -7.416000     0.279000
   -7.406000     0.278000
   -7.396000     0.278000
   -7.386000     0.279000
   -7.376000     0.278000
   -7.366000     0.278000
   -7.356000     0.277000
   -7.346000     0.277000
   -7.336000     0.277000
   -7.326000     0.276000
   -7.316000     0.276000
   -7.306000     0.275800
   -7.296000     0.275500
   -7.286000     0.275300
   -7.276000     0.275200
   -7.266000     0.275100
   -7.256000     0.275000
   -7.246000     0.274000
   -7.236000     0.274100
   -7.226000     0.274200
   -7.216000     0.273300
   -7.206000     0.273500
   -7.196000     0.272800
   -7.186000     0.272100
   -7.176000     0.271500
   -7.166000     0.271000
   -7.156000     0.270500
   -7.146000     0.270100
   -7.136000     0.269800
   -7.126000     0.269500
   -7.116000     0.268300
   -7.106000     0.268200
   -7.096000     0.267100
   -7.086000     0.266100
   -7.076000     0.266200
   -7.066000     0.265300
   -7.056000     0.263500
   -7.046000     0.262800
   -7.036000     0.262100
   -7.026000     0.260500
   -7.016000     0.260000
   -7.006000     0.258600
   -6.996000     0.257200
   -6.986000     0.255800
   -6.976000     0.254600
   -6.966000     0.253300
   -6.956000     0.251200
   -6.946000     0.250100
   -6.936000     0.248000
   -6.926000     0.246100
   -6.916000     0.244100
   -6.906000     0.242200
   -6.896000     0.240400
   -6.886000     0.238600
   -6.876000     0.236900
   -6.866000     0.234200
   -6.856000     0.231500
   -6.846000     0.229900
   -6.836000     0.227400
   -6.826000     0.224800
   -6.816000     0.222300
   -6.806000     0.218860
   -6.796000     0.216430
   -6.786000     0.214030
   -6.776000     0.210650
   -6.766000     0.208310
   -6.756000     0.204980
   -6.746000     0.201690
   -6.736000     0.199410
   -6.726000     0.196160
   -6.716000     0.192930
   -6.706000     0.189710
   -6.696000     0.186510
   -6.686000     0.183330
   -6.676000     0.179160
   -6.666000     0.176000
   -6.656000     0.172860
   -6.646000     0.169720
   -6.636000     0.165600
   -6.626000     0.162480
   -6.616000     0.158380
   -6.606000     0.155280
   -6.596000     0.152180
   -6.586000     0.148090
   -6.576000     0.145010
   -6.566000     0.140930
   -6.556000     0.137860
   -6.546000     0.133790
   -6.536000     0.130730
   -6.526000     0.127660
   -6.516000     0.123600
   -6.506000     0.120540
   -6.496000     0.117490
   -6.486000     0.113440
   -6.476000     0.110390
   -6.466000     0.107340
   -6.456000     0.104000
   -6.446000     0.100860
   -6.436000     0.097830
   -6.426000     0.094790
   -6.416000     0.091770
   -6.406000     0.088950
   -6.396000     0.086130
   -6.386000     0.083320
   -6.376000     0.080620
   -6.366000     0.078020
   -6.356000     0.075530
   -6.346000     0.073160
   -6.336000     0.070790
   -6.326000     0.068530
   -6.316000     0.066390
   -6.306000     0.064350
   -6.296000     0.062440
   -6.286000     0.060530
   -6.276000     0.058850
   -6.266000     0.057180
   -6.256000     0.055630
   -6.246000     0.054190
   -6.236000     0.052980
   -6.226000     0.051800
   -6.216000     0.050630
   -6.206000     0.049690
   -6.196000     0.048880
   -6.186000     0.048190
   -6.176000     0.047630
   -6.166000     0.047100
   -6.156000     0.046800
   -6.146000     0.046540
   -6.136000     0.046510
   -6.126000     0.046510
   -6.116000     0.046650
   -6.106000     0.046900
   -6.096000     0.047300
   -6.086000     0.047900
   -6.076000     0.048600
   -6.066000     0.049400
   -6.056000     0.050300
   -6.046000     0.051300
   -6.036000     0.052500
   -6.026000     0.053800
   -6.016000     0.055300
   -6.006000     0.056900
   -5.996000     0.058600
   -5.986000     0.060400
   -5.976000     0.062200
   -5.966000     0.064300
   -5.956000     0.066500
   -5.946000     0.068800
   -5.936000     0.071200
   -5.926000     0.073700
   -5.916000     0.076200
   -5.906000     0.079000
   -5.896000     0.081800
   -5.886000     0.084700
   -5.876000     0.087800
   -5.866000     0.090900
   -5.856000     0.094100
   -5.846000     0.097500
   -5.836000     0.100800
   -5.826000     0.104300
   -5.816000     0.107900
   -5.806000     0.111600
   -5.796000     0.115300
   -5.786000     0.119100
   -5.776000     0.122900
   -5.766000     0.126800
   -5.756000     0.130800
   -5.746000     0.134900
   -5.736000     0.138900
   -5.726000     0.143000
   -5.716000     0.147100
   -5.706000     0.151400
   -5.696000     0.155500
   -5.686000     0.159700
   -5.676000     0.164000
   -5.666000     0.168200
   -5.656000     0.172600
   -5.646000     0.176800
   -5.636000     0.181000
   -5.626000     0.185300
   -5.616000     0.189500
   -5.606000     0.193800
   -5.596000     0.197600
   -5.586000     0.202000
   -5.576000     0.206000
   -5.566000     0.210000
   -5.556000     0.214000
   -5.546000     0.219000
   -5.536000     0.222000
   -5.526000     0.226000
   -5.516000     0.230000
   -5.506000     0.234000
   -5.496000     0.237000
   -5.486000     0.241000
   -5.476000     0.244000
   -5.466000     0.247000
   -5.456000     0.251000
   -5.446000     0.254000
   -5.436000     0.257000
   -5.426000     0.260000
   -5.416000     0.263000
   -5.406000     0.265000
   -5.396000     0.268000
   -5.386000     0.271000
   -5.376000     0.273000
   -5.366000     0.276000
   -5.356000     0.278000
   -5.346000     0.280000
   -5.336000     0.282000
   -5.326000     0.283000
   -5.316000     0.285000
   -5.306000     0.287000
   -5.296000     0.288000
   -5.286000     0.290000
   -5.276000     0.290000
   -5.266000     0.292000
   -5.256000     0.292000
   -5.246000     0.294000
   -5.236000     0.294000
   -5.226000     0.294000
   -5.216000     0.295000
   -5.206000     0.295000
   -5.196000     0.295000
   -5.186000     0.295000
   -5.176000     0.296000
   -5.166000     0.295000
   -5.156000     0.295000
   -5.146000     0.294000
   -5.136000     0.295000
   -5.126000     0.294000
   -5.116000     0.293000
   -5.106000     0.292000
   -5.096000     0.292000
   -5.086000     0.291000
   -5.076000     0.290000
   -5.066000     0.289000
   -5.056000     0.288000
   -5.046000     0.287000
   -5.036000     0.286000
   -5.026000     0.285000
   -5.016000     0.284000
   -5.006000     0.282000
   -4.996000     0.281000
   -4.986000     0.280000
   -4.976000     0.279000
   -4.966000     0.278000
   -4.956000     0.276000
   -4.946000     0.275000
   -4.936000     0.274000
   -4.926000     0.273000
   -4.916000     0.271000
   -4.906000     0.270000
   -4.896000     0.269000
   -4.886000     0.268000
   -4.876000     0.267000
   -4.866000     0.267000
   -4.856000     0.266000
   -4.846000     0.265000
   -4.836000     0.264000
   -4.826000     0.264000
   -4.816000     0.262500
   -4.806000     0.262400
   -4.796000     0.262300
   -4.786000     0.261100
   -4.776000     0.261000
   -4.766000     0.261000
   -4.756000     0.260900
   -4.746000     0.260800
   -4.736000     0.260800
   -4.726000     0.260800
   -4.716000     0.260800
   -4.706000     0.260800
   -4.696000     0.260800
   -4.686000     0.261900
   -4.676000     0.262000
   -4.666000     0.262200
   -4.656000     0.263400
   -4.646000     0.263600
   -4.636000     0.264800
   -4.626000     0.265100
   -4.616000     0.266400
   -4.606000     0.266800
   -4.596000     0.268200
   -4.586000     0.269600
   -4.576000     0.270100
   -4.566000     0.271600
   -4.556000     0.273200
   -4.546000     0.273800
   -4.536000     0.275400
   -4.526000     0.276100
   -4.516000     0.277800
   -4.506000     0.279600
   -4.496000     0.280400
   -4.486000     0.282200
   -4.476000     0.283100
   -4.466000     0.285000
   -4.456000     0.286000
   -4.446000     0.288000
   -4.436000     0.289100
   -4.426000     0.290100
   -4.416000     0.291300
   -4.406000     0.293400
   -4.396000     0.294600
   -4.386000     0.295800
   -4.376000     0.297100
   -4.366000     0.297400
   -4.356000     0.298800
   -4.346000     0.300100
   -4.336000     0.301500
   -4.326000     0.302000
   -4.316000     0.303400
   -4.306000     0.303900
   -4.296000     0.304500
   -4.286000     0.305000
   -4.276000     0.305600
   -4.266000     0.306200
   -4.256000     0.306900
   -4.246000     0.307500
   -4.236000     0.307200
   -4.226000     0.308000
   -4.216000     0.307700
   -4.206000     0.307500
   -4.196000     0.307300
   -4.186000     0.307100
   -4.176000     0.307000
   -4.166000     0.306800
   -4.156000     0.305700
   -4.146000     0.305600
   -4.136000     0.304600
   -4.126000     0.304500
   -4.116000     0.303500
   -4.106000     0.302500
   -4.096000     0.301500
   -4.086000     0.300600
   -4.076000     0.298600
   -4.066000     0.297700
   -4.056000     0.295800
   -4.046000     0.294900
   -4.036000     0.293100
   -4.026000     0.291200
   -4.016000     0.289400
   -4.006000     0.287600
   -3.996000     0.285800
   -3.986000     0.284000
   -3.976000     0.282300
   -3.966000     0.280600
   -3.956000     0.277800
   -3.946000     0.276100
   -3.936000     0.273500
   -3.926000     0.271800
   -3.916000     0.269200
   -3.906000     0.266500
   -3.896000     0.263900
   -3.886000     0.262400
   -3.876000     0.259800
   -3.866000     0.257200
   -3.856000     0.254700
   -3.846000     0.252200
   -3.836000     0.249700
   -3.826000     0.247200
   -3.816000     0.244700
   -3.806000     0.242200
   -3.796000     0.239800
   -3.786000     0.237400
   -3.776000     0.233900
   -3.766000     0.231500
   -3.756000     0.229200
   -3.746000     0.226800
   -3.736000     0.224400
   -3.726000     0.222100
   -3.716000     0.219700
   -3.706000     0.217400
   -3.696000     0.215100
   -3.686000     0.212800
   -3.676000     0.210500
   -3.666000     0.208200
   -3.656000     0.205900
   -3.646000     0.203600
   -3.636000     0.201400
   -3.626000     0.199100
   -3.616000     0.197800
   -3.606000     0.195600
   -3.596000     0.193300
   -3.586000     0.192100
   -3.576000     0.189800
   -3.566000     0.188600
   -3.556000     0.186300
   -3.546000     0.185100
   -3.536000     0.183800
   -3.526000     0.181600
   -3.516000     0.180300
   -3.506000     0.179000
   -3.496000     0.177800
   -3.486000     0.176500
   -3.476000     0.175200
   -3.466000     0.173900
   -3.456000     0.173600
   -3.446000     0.172300
   -3.436000     0.171000
   -3.426000     0.170600
   -3.416000     0.169300
   -3.406000     0.168900
   -3.396000     0.168500
   -3.386000     0.168100
   -3.376000     0.166700
   -3.366000     0.166200
   -3.356000     0.165800
   -3.346000     0.166300
   -3.336000     0.165800
   -3.326000     0.165300
   -3.316000     0.164700
   -3.306000     0.165100
   -3.296000     0.165000
   -3.286000     0.165000
   -3.276000     0.165000
   -3.266000     0.165200
   -3.256000     0.165300
   -3.246000     0.165500
   -3.236000     0.165700
   -3.226000     0.166100
   -3.216000     0.166400
   -3.206000     0.166800
   -3.196000     0.167300
   -3.186000     0.167800
   -3.176000     0.168400
   -3.166000     0.168500
   -3.156000     0.169500
   -3.146000     0.170500
   -3.136000     0.170500
   -3.126000     0.171400
   -3.116000     0.172300
   -3.106000     0.173200
   -3.096000     0.174000
   -3.086000     0.174800
   -3.076000     0.176600
   -3.066000     0.177400
   -3.056000     0.178100
   -3.046000     0.179800
   -3.036000     0.180400
   -3.026000     0.182100
   -3.016000     0.182700
   -3.006000     0.184300
   -2.996000     0.185800
   -2.986000     0.186400
   -2.976000     0.187900
   -2.966000     0.189400
   -2.956000     0.190800
   -2.946000     0.192300
   -2.936000     0.193700
   -2.926000     0.195100
   -2.916000     0.197400
   -2.906000     0.198800
   -2.896000     0.200100
   -2.886000     0.202500
   -2.876000     0.203800
   -2.866000     0.206100
   -2.856000     0.207400
   -2.846000     0.209600
   -2.836000     0.211900
   -2.826000     0.213100
   -2.816000     0.215400
   -2.806000     0.217600
   -2.796000     0.219900
   -2.786000     0.222100
   -2.776000     0.224300
   -2.766000     0.226500
   -2.756000     0.228800
   -2.746000     0.231000
   -2.736000     0.233200
   -2.726000     0.236500
   -2.716000     0.238700
   -2.706000     0.241000
   -2.696000     0.244300
   -2.686000     0.246500
   -2.676000     0.249800
   -2.666000     0.252200
   -2.656000     0.255500
   -2.646000     0.258800
   -2.636000     0.261200
   -2.626000     0.264600
   -2.616000     0.268000
   -2.606000     0.270500
   -2.596000     0.273900
   -2.586000     0.277400
   -2.576000     0.280900
   -2.566000     0.284500
   -2.556000     0.288100
   -2.546000     0.291700
   -2.536000     0.294400
   -2.526000     0.298100
   -2.516000     0.301800
   -2.506000     0.305600
   -2.496000     0.309400
   -2.486000     0.313300
   -2.476000     0.317200
   -2.466000     0.321200
   -2.456000     0.325200
   -2.446000     0.329300
   -2.436000     0.333400
   -2.426000     0.337500
   -2.416000     0.341700
   -2.406000     0.346000
   -2.396000     0.350300
   -2.386000     0.354700
   -2.376000     0.358100
   -2.366000     0.362600
   -2.356000     0.367100
   -2.346000     0.371700
   -2.336000     0.375300
   -2.326000     0.380000
   -2.316000     0.383800
   -2.306000     0.388600
   -2.296000     0.392500
   -2.286000     0.397400
   -2.276000     0.401400
   -2.266000     0.405500
   -2.256000     0.409600
   -2.246000     0.413800
   -2.236000     0.418000
   -2.226000     0.422300
   -2.216000     0.426600
   -2.206000     0.430000
   -2.196000     0.434500
   -2.186000     0.438000
   -2.176000     0.441500
   -2.166000     0.446200
   -2.156000     0.449800
   -2.146000     0.453500
   -2.136000     0.457300
   -2.126000     0.460100
   -2.116000     0.463900
   -2.106000     0.466800
   -2.096000     0.470800
   -2.086000     0.473700
   -2.076000     0.476700
   -2.066000     0.479800
   -2.056000     0.482900
   -2.046000     0.486000
   -2.036000     0.488100
   -2.026000     0.491300
   -2.016000     0.493500
   -2.006000     0.495700
   -1.996000     0.497900
   -1.986000     0.500200
   -1.976000     0.502400
   -1.966000     0.504700
   -1.956000     0.506000
   -1.946000     0.508000
   -1.936000     0.510000
   -1.926000     0.511000
   -1.916000     0.512000
   -1.906000     0.513000
   -1.896000     0.515000
   -1.886000     0.516000
   -1.876000     0.516000
   -1.866000     0.517000
   -1.856000     0.518000
   -1.846000     0.519000
   -1.836000     0.519000
   -1.826000     0.519000
   -1.816000     0.520000
   -1.806000     0.520000
   -1.796000     0.520000
   -1.786000     0.520000
   -1.776000     0.519000
   -1.766000     0.519000
   -1.756000     0.519000
   -1.746000     0.518000
   -1.736000     0.518000
   -1.726000     0.517000
   -1.716000     0.516000
   -1.706000     0.516000
   -1.696000     0.514000
   -1.686000     0.513000
   -1.676000     0.513000
   -1.666000     0.511000
   -1.656000     0.510000
   -1.646000     0.509000
   -1.636000     0.507000
   -1.626000     0.506000
   -1.616000     0.505000
   -1.606000     0.503000
   -1.596000     0.501000
   -1.586000     0.499000
   -1.576000     0.498000
   -1.566000     0.496000
   -1.556000     0.494000
   -1.546000     0.493000
   -1.536000     0.491000
   -1.526000     0.490000
   -1.516000     0.488000
   -1.506000     0.485000
   -1.496000     0.484000
   -1.486000     0.482000
   -1.476000     0.480000
   -1.466000     0.478000
   -1.456000     0.476000
   -1.446000     0.474000
   -1.436000     0.472000
   -1.426000     0.470000
   -1.416000     0.468000
   -1.406000     0.466000
   -1.396000     0.465000
   -1.386000     0.462000
   -1.376000     0.460000
   -1.366000     0.459000
   -1.356000     0.456000
   -1.346000     0.454000
   -1.336000     0.453000
   -1.326000     0.450000
   -1.316000     0.448000
   -1.306000     0.446000
   -1.296000     0.444000
   -1.286000     0.442000
   -1.276000     0.440000
   -1.266000     0.439000
   -1.256000     0.437000
   -1.246000     0.435000
   -1.236000     0.432000
   -1.226000     0.431000
   -1.216000     0.429000
   -1.206000     0.426000
   -1.196000     0.425000
   -1.186000     0.422000
   -1.176000     0.421000
   -1.166000     0.418000
   -1.156000     0.417000
   -1.146000     0.414000
   -1.136000     0.413000
   -1.126000     0.410100
   -1.116000     0.408500
   -1.106000     0.405900
   -1.096000     0.404400
   -1.086000     0.401800
   -1.076000     0.400200
   -1.066000     0.397600
   -1.056000     0.396100
   -1.046000     0.393500
   -1.036000     0.391000
   -1.026000     0.389400
   -1.016000     0.386900
   -1.006000     0.384500
   -0.996000     0.382000
   -0.986000     0.379600
   -0.976000     0.377200
   -0.966000     0.374900
   -0.956000     0.372500
   -0.946000     0.370200
   -0.936000     0.368000
   -0.926000     0.365800
   -0.916000     0.362600
   -0.906000     0.360500
   -0.896000     0.358400
   -0.886000     0.355400
   -0.876000     0.353400
   -0.866000     0.350500
   -0.856000     0.347600
   -0.846000     0.345700
   -0.836000     0.342900
   -0.826000     0.340200
   -0.816000     0.337500
   -0.806000     0.334900
   -0.796000     0.332300
   -0.786000     0.329800
   -0.776000     0.327300
   -0.766000     0.324900
   -0.756000     0.322500
   -0.746000     0.320200
   -0.736000     0.317000
   -0.726000     0.314800
   -0.716000     0.312600
   -0.706000     0.310600
   -0.696000     0.307500
   -0.686000     0.305500
   -0.676000     0.303600
   -0.666000     0.301750
   -0.656000     0.298930
   -0.646000     0.297160
   -0.636000     0.295440
   -0.626000     0.293770
   -0.616000     0.292150
   -0.606000     0.289580
   -0.596000     0.288060
   -0.586000     0.286590
   -0.576000     0.285160
   -0.566000     0.283770
   -0.556000     0.283430
   -0.546000     0.282140
   -0.536000     0.280890
   -0.526000     0.279670
   -0.516000     0.279500
   -0.506000     0.278370
   -0.496000     0.278270
   -0.486000     0.278220
   -0.476000     0.277200
   -0.466000     0.277210
   -0.456000     0.277260
   -0.446000     0.278340
   -0.436000     0.278450
   -0.426000     0.278590
   -0.416000     0.279760
   -0.406000     0.279960
   -0.396000     0.281180
   -0.386000     0.282440
   -0.376000     0.283720
   -0.366000     0.285020
   -0.356000     0.286340
   -0.346000     0.288690
   -0.336000     0.290050
   -0.326000     0.292440
   -0.316000     0.294850
   -0.306000     0.297270
   -0.296000     0.299710
   -0.286000     0.302170
   -0.276000     0.304640
   -0.266000     0.308130
   -0.256000     0.310630
   -0.246000     0.314140
   -0.236000     0.317660
   -0.226000     0.321200
   -0.216000     0.324700
   -0.206000     0.328300
   -0.196000     0.332900
   -0.186000     0.336400
   -0.176000     0.341000
   -0.166000     0.345600
   -0.156000     0.349200
   -0.146000     0.353800
   -0.136000     0.358400
   -0.126000     0.363000
   -0.116000     0.367600
   -0.106000     0.373200
   -0.096000     0.377800
   -0.086000     0.382500
   -0.076000     0.388100
   -0.066000     0.392700
   -0.056000     0.398400
   -0.046000     0.403000
   -0.036000     0.408600
   -0.026000     0.413300
   -0.016000     0.418900
   -0.006000     0.424600
    0.004000     0.429200
    0.014000     0.434900
    0.024000     0.440500
    0.034000     0.445200
    0.044000     0.450800
    0.054000     0.456500
    0.064000     0.461200
    0.074000     0.466800
    0.084000     0.471500
    0.094000     0.477200
    0.104000     0.481900
    0.114000     0.487600
    0.124000     0.492300
    0.134000     0.497000
    0.144000     0.501700
    0.154000     0.506400
    0.164000     0.511200
    0.174000     0.515900
    0.184000     0.520700
    0.194000     0.525400
    0.204000     0.530200
    0.214000     0.534000
    0.224000     0.538800
    0.234000     0.542600
    0.244000     0.546400
    0.254000     0.550300
    0.264000     0.554100
    0.274000     0.558000
    0.284000     0.561900
    0.294000     0.564900
    0.304000     0.568800
    0.314000     0.571800
    0.324000     0.574800
    0.334000     0.577800
    0.344000     0.580800
    0.354000     0.583900
    0.364000     0.586900
    0.374000     0.589000
    0.384000     0.592200
    0.394000     0.594400
    0.404000     0.596500
    0.414000     0.598800
    0.424000     0.601000
    0.434000     0.603300
    0.444000     0.604600
    0.454000     0.607000
    0.464000     0.608400
    0.474000     0.609800
    0.484000     0.611200
    0.494000     0.612700
    0.504000     0.614200
    0.514000     0.615800
    0.524000     0.616400
    0.534000     0.618000
    0.544000     0.618700
    0.554000     0.619400
    0.564000     0.620100
    0.574000     0.620800
    0.584000     0.621600
    0.594000     0.622500
    0.604000     0.623400
    0.614000     0.623300
    0.624000     0.624200
    0.634000     0.624200
    0.644000     0.625200
    0.654000     0.625200
    0.664000     0.625000
    0.674000     0.625000
    0.684000     0.626000
    0.694000     0.626000
    0.704000     0.626000
    0.714000     0.626000
    0.724000     0.626000
    0.734000     0.627000
    0.744000     0.626000
    0.754000     0.626000
    0.764000     0.626000
    0.774000     0.626000
    0.784000     0.625000
    0.794000     0.626000
    0.804000     0.625000
    0.814000     0.625000
    0.824000     0.624000
    0.834000     0.624000
    0.844000     0.624000
    0.854000     0.623000
    0.864000     0.623000
    0.874000     0.622000
    0.884000     0.622000
    0.894000     0.621000
    0.904000     0.621000
    0.914000     0.620000
    0.924000     0.620000
    0.934000     0.619000
    0.944000     0.618000
    0.954000     0.618000
    0.964000     0.617000
    0.974000     0.617000
    0.984000     0.616000
    0.994000     0.615000
    1.004000     0.615000
    1.014000     0.613000
    1.024000     0.612000
    1.034000     0.611000
    1.044000     0.610000
    1.054000     0.610000
    1.064000     0.609000
    1.074000     0.608000
    1.084000     0.607000
    1.094000     0.606000
    1.104000     0.604000
    1.114000     0.603000
    1.124000     0.602000
    1.134000     0.600000
    1.144000     0.598000
    1.154000     0.597000
    1.164000     0.597000
    1.174000     0.595000
    1.184000     0.593000
    1.194000     0.592000
    1.204000     0.590000
    1.214000     0.588000
    1.224000     0.586000
    1.234000     0.584000
    1.244000     0.583000
    1.254000     0.581000
    1.264000     0.579000
    1.274000     0.576000
    1.284000     0.575000
    1.294000     0.573000
    1.304000     0.570000
    1.314000     0.568000
    1.324000     0.566000
    1.334000     0.564000
    1.344000     0.561000
    1.354000     0.559000
    1.364000     0.557000
    1.374000     0.554000
    1.384000     0.551000
    1.394000     0.549000
    1.404000     0.545000
    1.414000     0.543000
    1.424000     0.540000
    1.434000     0.537000
    1.444000     0.535000
    1.454000     0.532000
    1.464000     0.529000
    1.474000     0.526000
    1.484000     0.523000
    1.494000     0.519000
    1.504000     0.516000
    1.514000     0.513000
    1.524000     0.509000
    1.534000     0.505000
    1.544000     0.503000
    1.554000     0.499000
    1.564000     0.495000
    1.574000     0.491000
    1.584000     0.489000
    1.594000     0.485000
    1.604000     0.480000
    1.614000     0.477000
    1.624000     0.473000
    1.634000     0.470000
    1.644000     0.466000
    1.654000     0.461000
    1.664000     0.458000
    1.674000     0.454000
    1.684000     0.450000
    1.694000     0.446000
    1.704000     0.442000
    1.714000     0.438000
    1.724000     0.434000
    1.734000     0.429000
    1.744000     0.426000
    1.754000     0.421000
    1.764000     0.418000
    1.774000     0.413000
    1.784000     0.409000
    1.794000     0.404000
    1.804000     0.401000
    1.814000     0.396000
    1.824000     0.392000
    1.834000     0.388000
    1.844000     0.384000
    1.854000     0.379000
    1.864000     0.376000
    1.874000     0.371000
    1.884000     0.368000
    1.894000     0.363000
    1.904000     0.360000
    1.914000     0.355000
    1.924000     0.352000
    1.934000     0.347000
    1.944000     0.344000
    1.954000     0.340000
    1.964000     0.336000
    1.974000     0.332000
    1.984000     0.329000
    1.994000     0.326000
    2.004000     0.321700
    2.014000     0.318700
    2.024000     0.315700
    2.034000     0.311900
    2.044000     0.309100
    2.054000     0.306300
    2.064000     0.303700
    2.074000     0.300100
    2.084000     0.297500
    2.094000     0.295100
    2.104000     0.292700
    2.114000     0.290500
    2.124000     0.288200
    2.134000     0.286100
    2.144000     0.285100
    2.154000     0.283100
    2.164000     0.281300
    2.174000     0.279500
    2.184000     0.278800
    2.194000     0.277100
    2.204000     0.276600
    2.214000     0.276200
    2.224000     0.274800
    2.234000     0.274500
    2.244000     0.274400
    2.254000     0.274300
    2.264000     0.274300
    2.274000     0.274300
    2.284000     0.275500
    2.294000     0.275800
    2.304000     0.276100
    2.314000     0.277500
    2.324000     0.278000
    2.334000     0.279600
    2.344000     0.281200
    2.354000     0.283000
    2.364000     0.284800
    2.374000     0.286700
    2.384000     0.288700
    2.394000     0.291700
    2.404000     0.293800
    2.414000     0.296000
    2.424000     0.299200
    2.434000     0.302500
    2.444000     0.304900
    2.454000     0.308300
    2.464000     0.311800
    2.474000     0.315300
    2.484000     0.318900
    2.494000     0.322500
    2.504000     0.326200
    2.514000     0.329900
    2.524000     0.334700
    2.534000     0.338500
    2.544000     0.343000
    2.554000     0.347000
    2.564000     0.351000
    2.574000     0.356000
    2.584000     0.360000
    2.594000     0.365000
    2.604000     0.370000
    2.614000     0.374000
    2.624000     0.379000
    2.634000     0.383000
    2.644000     0.388000
    2.654000     0.393000
    2.664000     0.397000
    2.674000     0.401000
    2.684000     0.405000
    2.694000     0.410000
    2.704000     0.414000
    2.714000     0.419000
    2.724000     0.423000
    2.734000     0.427000
    2.744000     0.430000
    2.754000     0.435000
    2.764000     0.439000
    2.774000     0.443000
    2.784000     0.446000
    2.794000     0.449000
    2.804000     0.452000
    2.814000     0.456000
    2.824000     0.458000
    2.834000     0.460000
    2.844000     0.463000
    2.854000     0.466000
    2.864000     0.468000
    2.874000     0.470000
    2.884000     0.471000
    2.894000     0.472000
    2.904000     0.473000
    2.914000     0.475000
    2.924000     0.476000
    2.934000     0.476000
    2.944000     0.477000
    2.954000     0.476000
    2.964000     0.476000
    2.974000     0.475000
    2.984000     0.475000
    2.994000     0.474000
    3.004000     0.472000
    3.014000     0.471000
    3.024000     0.470000
    3.034000     0.467000
    3.044000     0.465000
    3.054000     0.462000
    3.064000     0.460000
    3.074000     0.457000
    3.084000     0.454000
    3.094000     0.450000
    3.104000     0.447000
    3.114000     0.443000
    3.124000     0.439000
    3.134000     0.435000
    3.144000     0.429000
    3.154000     0.425000
    3.164000     0.421000
    3.174000     0.415000
    3.184000     0.409000
    3.194000     0.404000
    3.204000     0.398000
    3.214000     0.392000
    3.224000     0.386000
    3.234000     0.380000
    3.244000     0.374000
    3.254000     0.367000
    3.264000     0.361000
    3.274000     0.353000
    3.284000     0.346000
    3.294000     0.340000
    3.304000     0.332000
    3.314000     0.325000
    3.324000     0.318000
    3.334000     0.310000
    3.344000     0.303000
    3.354000     0.295000
    3.364000     0.288000
    3.374000     0.280000
    3.384000     0.272000
    3.394000     0.264900
    3.404000     0.257300
    3.414000     0.249600
    3.424000     0.243000
    3.434000     0.235400
    3.444000     0.227700
    3.454000     0.220100
    3.464000     0.212500
    3.474000     0.204900
    3.484000     0.197300
    3.494000     0.190700
    3.504000     0.183100
    3.514000     0.175600
    3.524000     0.169100
    3.534000     0.161800
    3.544000     0.154900
    3.554000     0.148100
    3.564000     0.141400
    3.574000     0.134800
    3.584000     0.128300
    3.594000     0.122000
    3.604000     0.115800
    3.614000     0.109600
    3.624000     0.103800
    3.634000     0.097900
    3.644000     0.092200
    3.654000     0.086700
    3.664000     0.081300
    3.674000     0.076000
    3.684000     0.070900
    3.694000     0.065900
    3.704000     0.061100
    3.714000     0.056500
    3.724000     0.051900
    3.734000     0.047500
    3.744000     0.043300
    3.754000     0.039300
    3.764000     0.035400
    3.774000     0.031600
    3.784000     0.027900
    3.794000     0.024500
    3.804000     0.021200
    3.814000     0.018030
    3.824000     0.014990
    3.834000     0.012100
    3.844000     0.009350
    3.854000     0.006740
    3.864000     0.004251
    3.874000     0.001900
    3.884000    -0.000320
    3.894000    -0.002420
    3.904000    -0.004385
    3.914000    -0.006230
    3.924000    -0.007960
    3.934000    -0.009580
    3.944000    -0.011080
    3.954000    -0.012470
    3.964000    -0.013720
    3.974000    -0.014930
    3.984000    -0.016000
    3.994000    -0.017030
    4.004000    -0.017930
    4.014000    -0.018800
    4.024000    -0.019530
    4.034000    -0.020130
    4.044000    -0.020700
    4.054000    -0.021250
    4.064000    -0.021660
    4.074000    -0.021950
    4.084000    -0.022310
    4.094000    -0.022550
    4.104000    -0.022660
    4.114000    -0.022760
    4.124000    -0.022830
    4.134000    -0.022880
    4.144000    -0.022810
    4.154000    -0.022830
    4.164000    -0.022730
    4.174000    -0.022510
    4.184000    -0.022380
    4.194000    -0.022140
    4.204000    -0.021880
    4.214000    -0.021610
    4.224000    -0.021330
    4.234000    -0.020940
    4.244000    -0.020640
    4.254000    -0.020330
    4.264000    -0.019920
    4.274000    -0.019500
    4.284000    -0.019070
    4.294000    -0.018730
    4.304000    -0.018290
    4.314000    -0.017850
    4.324000    -0.017400
    4.334000    -0.016960
    4.344000    -0.016500
    4.354000    -0.016050
    4.364000    -0.015590
    4.374000    -0.015140
    4.384000    -0.014690
    4.394000    -0.014230
    4.404000    -0.013780
    4.414000    -0.013350
    4.424000    -0.012900
    4.434000    -0.012460
    4.444000    -0.012040
    4.454000    -0.011610
    4.464000    -0.011200
    4.474000    -0.010790
    4.484000    -0.010380
    4.494000    -0.009990
    4.504000    -0.009600
    4.514000    -0.009230
    4.524000    -0.008850
    4.534000    -0.008500
    4.544000    -0.008140
    4.554000    -0.007800
    4.564000    -0.007470
    4.574000    -0.007150
    4.584000    -0.006830
    4.594000    -0.006530
    4.604000    -0.006240
    4.614000    -0.005950
    4.624000    -0.005680
    4.634000    -0.005420
    4.644000    -0.005160
    4.654000    -0.004910
    4.664000    -0.004680
    4.674000    -0.004440
    4.684000    -0.004230
    4.694000    -0.004020
    4.704000    -0.003810
    4.714000    -0.003620
    4.724000    -0.003430
    4.734000    -0.003260
    4.744000    -0.003080
    4.754000    -0.002920
    4.764000    -0.002760
    4.774000    -0.002610
    4.784000    -0.002462
    4.794000    -0.002329
    4.804000    -0.002198
    4.814000    -0.002070
    4.824000    -0.001954
    4.834000    -0.001840
    4.844000    -0.001739
    4.854000    -0.001635
    4.864000    -0.001538
    4.874000    -0.001447
    4.884000    -0.001360
    4.894000    -0.001278
    4.904000    -0.001200
    4.914000    -0.001126
    4.924000    -0.001056
    4.934000    -0.000990
    4.944000    -0.000928
    4.954000    -0.000869
    4.964000    -0.000814
    4.974000    -0.000761
    4.984000    -0.000712
    4.994000    -0.000665
    5.004000    -0.000622
    5.014000    -0.000581
    5.024000    -0.000541
    5.034000    -0.000506
    5.044000    -0.000471
    5.054000    -0.000439
    5.064000    -0.000409
    5.074000    -0.000381
    5.084000    -0.000354
    5.094000    -0.000329
    5.104000    -0.000306
    5.114000    -0.000284
    5.124000    -0.000264
    5.134000    -0.000246
    5.144000    -0.000227
    5.154000    -0.000211
    5.164000    -0.000195
    5.174000    -0.000181
    5.184000    -0.000168
    5.194000    -0.000155
    5.204000    -0.000143
    5.214000    -0.000132
    5.224000    -0.000122
    5.234000    -0.000113
    5.244000    -0.000104
    5.254000    -0.000096
    5.264000    -0.000089
    5.274000    -0.000082
    5.284000    -0.000075
    5.294000    -0.000070
