# Energy    Summed_PDOS
  -27.116000    -0.000029
  -27.106000    -0.000031
  -27.096000    -0.000034
  -27.086000    -0.000037
  -27.076000    -0.000039
  -27.066000    -0.000042
  -27.056000    -0.000046
  -27.046000    -0.000049
  -27.036000    -0.000053
  -27.026000    -0.000057
  -27.016000    -0.000061
  -27.006000    -0.000065
  -26.996000    -0.000070
  -26.986000    -0.000075
  -26.976000    -0.000081
  -26.966000    -0.000086
  -26.956000    -0.000092
  -26.946000    -0.000099
  -26.936000    -0.000106
  -26.926000    -0.000113
  -26.916000    -0.000121
  -26.906000    -0.000129
  -26.896000    -0.000138
  -26.886000    -0.000146
  -26.876000    -0.000156
  -26.866000    -0.000166
  -26.856000    -0.000178
  -26.846000    -0.000189
  -26.836000    -0.000201
  -26.826000    -0.000214
  -26.816000    -0.000228
  -26.806000    -0.000241
  -26.796000    -0.000256
  -26.786000    -0.000271
  -26.776000    -0.000288
  -26.766000    -0.000305
  -26.756000    -0.000323
  -26.746000    -0.000341
  -26.736000    -0.000361
  -26.726000    -0.000382
  -26.716000    -0.000403
  -26.706000    -0.000425
  -26.696000    -0.000449
  -26.686000    -0.000474
  -26.676000    -0.000499
  -26.666000    -0.000525
  -26.656000    -0.000553
  -26.646000    -0.000582
  -26.636000    -0.000611
  -26.626000    -0.000643
  -26.616000    -0.000674
  -26.606000    -0.000708
  -26.596000    -0.000742
  -26.586000    -0.000777
  -26.576000    -0.000814
  -26.566000    -0.000851
  -26.556000    -0.000891
  -26.546000    -0.000930
  -26.536000    -0.000971
  -26.526000    -0.001013
  -26.516000    -0.001057
  -26.506000    -0.001100
  -26.496000    -0.001146
  -26.486000    -0.001193
  -26.476000    -0.001239
  -26.466000    -0.001288
  -26.456000    -0.001338
  -26.446000    -0.001388
  -26.436000    -0.001439
  -26.426000    -0.001488
  -26.416000    -0.001539
  -26.406000    -0.001589
  -26.396000    -0.001640
  -26.386000    -0.001700
  -26.376000    -0.001750
  -26.366000    -0.001801
  -26.356000    -0.001852
  -26.346000    -0.001902
  -26.336000    -0.001963
  -26.326000    -0.002013
  -26.316000    -0.002063
  -26.306000    -0.002113
  -26.296000    -0.002162
  -26.286000    -0.002202
  -26.276000    -0.002252
  -26.266000    -0.002290
  -26.256000    -0.002339
  -26.246000    -0.002376
  -26.236000    -0.002414
  -26.226000    -0.002440
  -26.216000    -0.002476
  -26.206000    -0.002502
  -26.196000    -0.002527
  -26.186000    -0.002550
  -26.176000    -0.002563
  -26.166000    -0.002576
  -26.156000    -0.002577
  -26.146000    -0.002577
  -26.136000    -0.002576
  -26.126000    -0.002563
  -26.116000    -0.002540
  -26.106000    -0.002515
  -26.096000    -0.002488
  -26.086000    -0.002440
  -26.076000    -0.002400
  -26.066000    -0.002340
  -26.056000    -0.002276
  -26.046000    -0.002201
  -26.036000    -0.002114
  -26.026000    -0.002015
  -26.016000    -0.001914
  -26.006000    -0.001801
  -25.996000    -0.001675
  -25.986000    -0.001527
  -25.976000    -0.001377
  -25.966000    -0.001215
  -25.956000    -0.001037
  -25.946000    -0.000846
  -25.936000    -0.000642
  -25.926000    -0.000423
  -25.916000    -0.000189
  -25.906000     0.000059
  -25.896000     0.000323
  -25.886000     0.000601
  -25.876000     0.000897
  -25.866000     0.001207
  -25.856000     0.001538
  -25.846000     0.001877
  -25.836000     0.002239
  -25.826000     0.002615
  -25.816000     0.003014
  -25.806000     0.003427
  -25.796000     0.003853
  -25.786000     0.004303
  -25.776000     0.004766
  -25.766000     0.005252
  -25.756000     0.005750
  -25.746000     0.006267
  -25.736000     0.006803
  -25.726000     0.007350
  -25.716000     0.007917
  -25.706000     0.008504
  -25.696000     0.009112
  -25.686000     0.009729
  -25.676000     0.010367
  -25.666000     0.011015
  -25.656000     0.011683
  -25.646000     0.012362
  -25.636000     0.013020
  -25.626000     0.013759
  -25.616000     0.014507
  -25.606000     0.015257
  -25.596000     0.016006
  -25.586000     0.016755
  -25.576000     0.017514
  -25.566000     0.018264
  -25.556000     0.019023
  -25.546000     0.019883
  -25.536000     0.020644
  -25.526000     0.021503
  -25.516000     0.022273
  -25.506000     0.023133
  -25.496000     0.023904
  -25.486000     0.024763
  -25.476000     0.025634
  -25.466000     0.026394
  -25.456000     0.027263
  -25.446000     0.028034
  -25.436000     0.028894
  -25.426000     0.029654
  -25.416000     0.030524
  -25.406000     0.031284
  -25.396000     0.032144
  -25.386000     0.032903
  -25.376000     0.033653
  -25.366000     0.034413
  -25.356000     0.035261
  -25.346000     0.035911
  -25.336000     0.036659
  -25.326000     0.037398
  -25.316000     0.038137
  -25.306000     0.038775
  -25.296000     0.039403
  -25.286000     0.040031
  -25.276000     0.040659
  -25.266000     0.041275
  -25.256000     0.041793
  -25.246000     0.042399
  -25.236000     0.042906
  -25.226000     0.043401
  -25.216000     0.043898
  -25.206000     0.044283
  -25.196000     0.044667
  -25.186000     0.045043
  -25.176000     0.045407
  -25.166000     0.045770
  -25.156000     0.046033
  -25.146000     0.046277
  -25.136000     0.046520
  -25.126000     0.046662
  -25.116000     0.046794
  -25.106000     0.046915
  -25.096000     0.047036
  -25.086000     0.047047
  -25.076000     0.047147
  -25.066000     0.047147
  -25.056000     0.047036
  -25.046000     0.046925
  -25.036000     0.046894
  -25.026000     0.046672
  -25.016000     0.046530
  -25.006000     0.046288
  -24.996000     0.046034
  -24.986000     0.045781
  -24.976000     0.045517
  -24.966000     0.045153
  -24.956000     0.044778
  -24.946000     0.044394
  -24.936000     0.043909
  -24.926000     0.043412
  -24.916000     0.043017
  -24.906000     0.042420
  -24.896000     0.041914
  -24.886000     0.041396
  -24.876000     0.040780
  -24.866000     0.040152
  -24.856000     0.039525
  -24.846000     0.038896
  -24.836000     0.038158
  -24.826000     0.037520
  -24.816000     0.036782
  -24.806000     0.036032
  -24.796000     0.035393
  -24.786000     0.034634
  -24.776000     0.033785
  -24.766000     0.033025
  -24.756000     0.032266
  -24.746000     0.031506
  -24.736000     0.030645
  -24.726000     0.029886
  -24.716000     0.029026
  -24.706000     0.028255
  -24.696000     0.027395
  -24.686000     0.026526
  -24.676000     0.025755
  -24.666000     0.024895
  -24.656000     0.024025
  -24.646000     0.023265
  -24.636000     0.022395
  -24.626000     0.021635
  -24.616000     0.020775
  -24.606000     0.020015
  -24.596000     0.019155
  -24.586000     0.018396
  -24.576000     0.017636
  -24.566000     0.016876
  -24.556000     0.016127
  -24.546000     0.015378
  -24.536000     0.014630
  -24.526000     0.013890
  -24.516000     0.013141
  -24.506000     0.012483
  -24.496000     0.011794
  -24.486000     0.011137
  -24.476000     0.010468
  -24.466000     0.009830
  -24.456000     0.009223
  -24.446000     0.008605
  -24.436000     0.008018
  -24.426000     0.007441
  -24.416000     0.006895
  -24.406000     0.006358
  -24.396000     0.005842
  -24.386000     0.005325
  -24.376000     0.004852
  -24.366000     0.004379
  -24.356000     0.003928
  -24.346000     0.003502
  -24.336000     0.003078
  -24.326000     0.002688
  -24.316000     0.002302
  -24.306000     0.001939
  -24.296000     0.001589
  -24.286000     0.001263
  -24.276000     0.000949
  -24.266000     0.000651
  -24.256000     0.000369
  -24.246000     0.000103
  -24.236000    -0.000148
  -24.226000    -0.000384
  -24.216000    -0.000605
  -24.206000    -0.000812
  -24.196000    -0.001005
  -24.186000    -0.001186
  -24.176000    -0.001352
  -24.166000    -0.001502
  -24.156000    -0.001650
  -24.146000    -0.001777
  -24.136000    -0.001900
  -24.126000    -0.002002
  -24.116000    -0.002101
  -24.106000    -0.002189
  -24.096000    -0.002264
  -24.086000    -0.002327
  -24.076000    -0.002389
  -24.066000    -0.002439
  -24.056000    -0.002477
  -24.046000    -0.002514
  -24.036000    -0.002539
  -24.026000    -0.002553
  -24.016000    -0.002566
  -24.006000    -0.002577
  -23.996000    -0.002577
  -23.986000    -0.002577
  -23.976000    -0.002564
  -23.966000    -0.002551
  -23.956000    -0.002527
  -23.946000    -0.002503
  -23.936000    -0.002477
  -23.926000    -0.002451
  -23.916000    -0.002415
  -23.906000    -0.002377
  -23.896000    -0.002340
  -23.886000    -0.002301
  -23.876000    -0.002263
  -23.866000    -0.002214
  -23.856000    -0.002165
  -23.846000    -0.002115
  -23.836000    -0.002065
  -23.826000    -0.002015
  -23.816000    -0.001964
  -23.806000    -0.001914
  -23.796000    -0.001864
  -23.786000    -0.001813
  -23.776000    -0.001763
  -23.766000    -0.001702
  -23.756000    -0.001651
  -23.746000    -0.001601
  -23.736000    -0.001551
  -23.726000    -0.001500
  -23.716000    -0.001450
  -23.706000    -0.001400
  -23.696000    -0.001349
  -23.686000    -0.001300
  -23.676000    -0.001248
  -23.666000    -0.001201
  -23.656000    -0.001154
  -23.646000    -0.001109
  -23.636000    -0.001064
  -23.626000    -0.001020
  -23.616000    -0.000978
  -23.606000    -0.000937
  -23.596000    -0.000897
  -23.586000    -0.000859
  -23.576000    -0.000820
  -23.566000    -0.000784
  -23.556000    -0.000748
  -23.546000    -0.000713
  -23.536000    -0.000680
  -23.526000    -0.000648
  -23.516000    -0.000617
  -23.506000    -0.000587
  -23.496000    -0.000558
  -23.486000    -0.000530
  -23.476000    -0.000504
  -23.466000    -0.000478
  -23.456000    -0.000453
  -23.446000    -0.000430
  -23.436000    -0.000407
  -23.426000    -0.000385
  -23.416000    -0.000365
  -23.406000    -0.000345
  -23.396000    -0.000326
  -23.386000    -0.000308
  -23.376000    -0.000290
  -23.366000    -0.000274
  -23.356000    -0.000259
  -23.346000    -0.000244
  -23.336000    -0.000229
  -23.326000    -0.000216
  -23.316000    -0.000203
  -23.306000    -0.000191
  -23.296000    -0.000180
  -23.286000    -0.000169
  -23.276000    -0.000159
  -23.266000    -0.000149
  -23.256000    -0.000139
  -23.246000    -0.000130
  -23.236000    -0.000122
  -23.226000    -0.000114
  -23.216000    -0.000107
  -23.206000    -0.000100
  -23.196000    -0.000093
  -23.186000    -0.000087
  -23.176000    -0.000082
  -23.166000    -0.000076
  -23.156000    -0.000071
  -23.146000    -0.000066
  -23.136000    -0.000062
  -23.126000    -0.000057
  -23.116000    -0.000053
  -23.106000    -0.000050
  -23.096000    -0.000046
  -23.086000    -0.000043
  -23.076000    -0.000040
  -23.066000    -0.000037
  -23.056000    -0.000034
  -23.046000    -0.000032
  -23.036000    -0.000029
  -23.026000    -0.000027
  -23.016000    -0.000025
  -23.006000    -0.000023
  -22.996000    -0.000022
  -22.986000    -0.000020
  -22.976000    -0.000019
  -22.966000    -0.000017
  -22.956000    -0.000016
  -22.946000    -0.000015
  -22.936000    -0.000013
  -22.926000    -0.000012
  -22.916000    -0.000011
  -22.906000    -0.000010
  -22.896000    -0.000010
  -22.886000    -0.000009
  -22.876000    -0.000008
  -22.866000    -0.000007
  -22.856000    -0.000007
  -22.846000    -0.000006
  -22.836000    -0.000006
  -22.826000    -0.000005
  -22.816000    -0.000005
  -22.806000    -0.000004
  -22.796000    -0.000004
  -22.786000    -0.000004
  -22.776000    -0.000003
  -22.766000    -0.000003
  -22.756000    -0.000003
  -22.746000    -0.000003
  -22.736000    -0.000002
  -22.726000    -0.000002
  -22.716000    -0.000002
  -22.706000    -0.000002
  -22.696000    -0.000002
  -22.686000    -0.000002
  -22.676000    -0.000002
  -22.666000    -0.000001
  -22.656000    -0.000001
  -22.646000    -0.000001
  -22.636000    -0.000001
  -22.626000    -0.000001
  -22.616000    -0.000001
  -22.606000    -0.000001
  -22.596000    -0.000001
  -22.586000    -0.000001
  -22.576000    -0.000001
  -22.566000    -0.000001
  -22.556000    -0.000001
  -22.546000    -0.000001
  -22.536000    -0.000001
  -22.526000    -0.000001
  -22.516000    -0.000001
  -22.506000    -0.000001
  -22.496000    -0.000001
  -22.486000    -0.000001
  -22.476000    -0.000001
  -22.466000    -0.000001
  -22.456000    -0.000001
  -22.446000    -0.000001
  -22.436000    -0.000001
  -22.426000    -0.000001
  -22.416000    -0.000001
  -22.406000    -0.000002
  -22.396000    -0.000002
  -22.386000    -0.000002
  -22.376000    -0.000002
  -22.366000    -0.000002
  -22.356000    -0.000002
  -22.346000    -0.000002
  -22.336000    -0.000003
  -22.326000    -0.000003
  -22.316000    -0.000003
  -22.306000    -0.000003
  -22.296000    -0.000003
  -22.286000    -0.000004
  -22.276000    -0.000004
  -22.266000    -0.000004
  -22.256000    -0.000004
  -22.246000    -0.000005
  -22.236000    -0.000005
  -22.226000    -0.000006
  -22.216000    -0.000006
  -22.206000    -0.000006
  -22.196000    -0.000007
  -22.186000    -0.000007
  -22.176000    -0.000008
  -22.166000    -0.000008
  -22.156000    -0.000009
  -22.146000    -0.000010
  -22.136000    -0.000010
  -22.126000    -0.000011
  -22.116000    -0.000012
  -22.106000    -0.000013
  -22.096000    -0.000013
  -22.086000    -0.000014
  -22.076000    -0.000015
  -22.066000    -0.000016
  -22.056000    -0.000017
  -22.046000    -0.000018
  -22.036000    -0.000019
  -22.026000    -0.000021
  -22.016000    -0.000022
  -22.006000    -0.000023
  -21.996000    -0.000025
  -21.986000    -0.000026
  -21.976000    -0.000028
  -21.966000    -0.000029
  -21.956000    -0.000031
  -21.946000    -0.000033
  -21.936000    -0.000035
  -21.926000    -0.000037
  -21.916000    -0.000039
  -21.906000    -0.000041
  -21.896000    -0.000043
  -21.886000    -0.000045
  -21.876000    -0.000048
  -21.866000    -0.000050
  -21.856000    -0.000053
  -21.846000    -0.000055
  -21.836000    -0.000058
  -21.826000    -0.000061
  -21.816000    -0.000064
  -21.806000    -0.000067
  -21.796000    -0.000070
  -21.786000    -0.000074
  -21.776000    -0.000077
  -21.766000    -0.000080
  -21.756000    -0.000084
  -21.746000    -0.000088
  -21.736000    -0.000092
  -21.726000    -0.000095
  -21.716000    -0.000099
  -21.706000    -0.000103
  -21.696000    -0.000108
  -21.686000    -0.000112
  -21.676000    -0.000116
  -21.666000    -0.000121
  -21.656000    -0.000125
  -21.646000    -0.000130
  -21.636000    -0.000134
  -21.626000    -0.000139
  -21.616000    -0.000144
  -21.606000    -0.000148
  -21.596000    -0.000153
  -21.586000    -0.000158
  -21.576000    -0.000163
  -21.566000    -0.000166
  -21.556000    -0.000171
  -21.546000    -0.000176
  -21.536000    -0.000180
  -21.526000    -0.000185
  -21.516000    -0.000190
  -21.506000    -0.000194
  -21.496000    -0.000198
  -21.486000    -0.000203
  -21.476000    -0.000206
  -21.466000    -0.000210
  -21.456000    -0.000213
  -21.446000    -0.000216
  -21.436000    -0.000219
  -21.426000    -0.000221
  -21.416000    -0.000224
  -21.406000    -0.000226
  -21.396000    -0.000228
  -21.386000    -0.000229
  -21.376000    -0.000230
  -21.366000    -0.000230
  -21.356000    -0.000230
  -21.346000    -0.000230
  -21.336000    -0.000229
  -21.326000    -0.000226
  -21.316000    -0.000224
  -21.306000    -0.000221
  -21.296000    -0.000218
  -21.286000    -0.000213
  -21.276000    -0.000208
  -21.266000    -0.000202
  -21.256000    -0.000195
  -21.246000    -0.000187
  -21.236000    -0.000179
  -21.226000    -0.000169
  -21.216000    -0.000158
  -21.206000    -0.000147
  -21.196000    -0.000134
  -21.186000    -0.000120
  -21.176000    -0.000105
  -21.166000    -0.000089
  -21.156000    -0.000072
  -21.146000    -0.000054
  -21.136000    -0.000034
  -21.126000    -0.000013
  -21.116000     0.000010
  -21.106000     0.000033
  -21.096000     0.000058
  -21.086000     0.000085
  -21.076000     0.000113
  -21.066000     0.000142
  -21.056000     0.000173
  -21.046000     0.000206
  -21.036000     0.000239
  -21.026000     0.000274
  -21.016000     0.000312
  -21.006000     0.000350
  -20.996000     0.000390
  -20.986000     0.000431
  -20.976000     0.000474
  -20.966000     0.000519
  -20.956000     0.000565
  -20.946000     0.000612
  -20.936000     0.000661
  -20.926000     0.000712
  -20.916000     0.000763
  -20.906000     0.000817
  -20.896000     0.000871
  -20.886000     0.000928
  -20.876000     0.000987
  -20.866000     0.001045
  -20.856000     0.001105
  -20.846000     0.001166
  -20.836000     0.001228
  -20.826000     0.001295
  -20.816000     0.001358
  -20.806000     0.001421
  -20.796000     0.001484
  -20.786000     0.001557
  -20.776000     0.001621
  -20.766000     0.001695
  -20.756000     0.001759
  -20.746000     0.001832
  -20.736000     0.001906
  -20.726000     0.001970
  -20.716000     0.002044
  -20.706000     0.002117
  -20.696000     0.002191
  -20.686000     0.002256
  -20.676000     0.002329
  -20.666000     0.002403
  -20.656000     0.002466
  -20.646000     0.002540
  -20.636000     0.002614
  -20.626000     0.002677
  -20.616000     0.002750
  -20.606000     0.002812
  -20.596000     0.002885
  -20.586000     0.002947
  -20.576000     0.003010
  -20.566000     0.003071
  -20.556000     0.003133
  -20.546000     0.003194
  -20.536000     0.003255
  -20.526000     0.003306
  -20.516000     0.003366
  -20.506000     0.003416
  -20.496000     0.003465
  -20.486000     0.003514
  -20.476000     0.003562
  -20.466000     0.003610
  -20.456000     0.003647
  -20.446000     0.003684
  -20.436000     0.003720
  -20.426000     0.003756
  -20.416000     0.003791
  -20.406000     0.003816
  -20.396000     0.003840
  -20.386000     0.003863
  -20.376000     0.003886
  -20.366000     0.003908
  -20.356000     0.003920
  -20.346000     0.003931
  -20.336000     0.003941
  -20.326000     0.003941
  -20.316000     0.003950
  -20.306000     0.003949
  -20.296000     0.003947
  -20.286000     0.003935
  -20.276000     0.003921
  -20.266000     0.003917
  -20.256000     0.003893
  -20.246000     0.003878
  -20.236000     0.003863
  -20.226000     0.003837
  -20.216000     0.003810
  -20.206000     0.003773
  -20.196000     0.003746
  -20.186000     0.003707
  -20.176000     0.003669
  -20.166000     0.003630
  -20.156000     0.003590
  -20.146000     0.003552
  -20.136000     0.003502
  -20.126000     0.003452
  -20.116000     0.003401
  -20.106000     0.003351
  -20.096000     0.003299
  -20.086000     0.003249
  -20.076000     0.003197
  -20.066000     0.003137
  -20.056000     0.003075
  -20.046000     0.003024
  -20.036000     0.002963
  -20.026000     0.002902
  -20.016000     0.002841
  -20.006000     0.002790
  -19.996000     0.002729
  -19.986000     0.002669
  -19.976000     0.002609
  -19.966000     0.002550
  -19.956000     0.002490
  -19.946000     0.002432
  -19.936000     0.002383
  -19.926000     0.002326
  -19.916000     0.002269
  -19.906000     0.002222
  -19.896000     0.002176
  -19.886000     0.002120
  -19.876000     0.002075
  -19.866000     0.002032
  -19.856000     0.001989
  -19.846000     0.001946
  -19.836000     0.001915
  -19.826000     0.001885
  -19.816000     0.001845
  -19.806000     0.001816
  -19.796000     0.001800
  -19.786000     0.001773
  -19.776000     0.001757
  -19.766000     0.001744
  -19.756000     0.001730
  -19.746000     0.001719
  -19.736000     0.001717
  -19.726000     0.001718
  -19.716000     0.001720
  -19.706000     0.001722
  -19.696000     0.001736
  -19.686000     0.001751
  -19.676000     0.001767
  -19.666000     0.001795
  -19.656000     0.001813
  -19.646000     0.001844
  -19.636000     0.001885
  -19.626000     0.001918
  -19.616000     0.001961
  -19.606000     0.002006
  -19.596000     0.002061
  -19.586000     0.002118
  -19.576000     0.002166
  -19.566000     0.002236
  -19.556000     0.002296
  -19.546000     0.002367
  -19.536000     0.002440
  -19.526000     0.002513
  -19.516000     0.002587
  -19.506000     0.002673
  -19.496000     0.002758
  -19.486000     0.002844
  -19.476000     0.002934
  -19.466000     0.003023
  -19.456000     0.003123
  -19.446000     0.003223
  -19.436000     0.003313
  -19.426000     0.003423
  -19.416000     0.003523
  -19.406000     0.003623
  -19.396000     0.003723
  -19.386000     0.003834
  -19.376000     0.003934
  -19.366000     0.004044
  -19.356000     0.004145
  -19.346000     0.004255
  -19.336000     0.004365
  -19.326000     0.004466
  -19.316000     0.004576
  -19.306000     0.004687
  -19.296000     0.004788
  -19.286000     0.004898
  -19.276000     0.004999
  -19.266000     0.005109
  -19.256000     0.005210
  -19.246000     0.005301
  -19.236000     0.005401
  -19.226000     0.005492
  -19.216000     0.005583
  -19.206000     0.005683
  -19.196000     0.005764
  -19.186000     0.005845
  -19.176000     0.005925
  -19.166000     0.005996
  -19.156000     0.006077
  -19.146000     0.006147
  -19.136000     0.006218
  -19.126000     0.006278
  -19.116000     0.006329
  -19.106000     0.006389
  -19.096000     0.006440
  -19.086000     0.006480
  -19.076000     0.006531
  -19.066000     0.006561
  -19.056000     0.006592
  -19.046000     0.006622
  -19.036000     0.006632
  -19.026000     0.006653
  -19.016000     0.006663
  -19.006000     0.006673
  -18.996000     0.006673
  -18.986000     0.006673
  -18.976000     0.006664
  -18.966000     0.006654
  -18.956000     0.006644
  -18.946000     0.006614
  -18.936000     0.006594
  -18.926000     0.006554
  -18.916000     0.006514
  -18.906000     0.006473
  -18.896000     0.006433
  -18.886000     0.006383
  -18.876000     0.006323
  -18.866000     0.006262
  -18.856000     0.006202
  -18.846000     0.006132
  -18.836000     0.006061
  -18.826000     0.005981
  -18.816000     0.005901
  -18.806000     0.005820
  -18.796000     0.005740
  -18.786000     0.005639
  -18.776000     0.005548
  -18.766000     0.005448
  -18.756000     0.005347
  -18.746000     0.005247
  -18.736000     0.005136
  -18.726000     0.005035
  -18.716000     0.004925
  -18.706000     0.004814
  -18.696000     0.004693
  -18.686000     0.004572
  -18.676000     0.004461
  -18.666000     0.004341
  -18.656000     0.004210
  -18.646000     0.004099
  -18.636000     0.003968
  -18.626000     0.003847
  -18.616000     0.003717
  -18.606000     0.003596
  -18.596000     0.003465
  -18.586000     0.003334
  -18.576000     0.003223
  -18.566000     0.003092
  -18.556000     0.002971
  -18.546000     0.002841
  -18.536000     0.002716
  -18.526000     0.002589
  -18.516000     0.002463
  -18.506000     0.002338
  -18.496000     0.002212
  -18.486000     0.002097
  -18.476000     0.001974
  -18.466000     0.001849
  -18.456000     0.001736
  -18.446000     0.001622
  -18.436000     0.001503
  -18.426000     0.001389
  -18.416000     0.001276
  -18.406000     0.001165
  -18.396000     0.001056
  -18.386000     0.000948
  -18.376000     0.000843
  -18.366000     0.000738
  -18.356000     0.000635
  -18.346000     0.000536
  -18.336000     0.000437
  -18.326000     0.000340
  -18.316000     0.000246
  -18.306000     0.000154
  -18.296000     0.000063
  -18.286000    -0.000025
  -18.276000    -0.000111
  -18.266000    -0.000195
  -18.256000    -0.000278
  -18.246000    -0.000357
  -18.236000    -0.000436
  -18.226000    -0.000511
  -18.216000    -0.000585
  -18.206000    -0.000657
  -18.196000    -0.000727
  -18.186000    -0.000793
  -18.176000    -0.000859
  -18.166000    -0.000921
  -18.156000    -0.000982
  -18.146000    -0.001040
  -18.136000    -0.001096
  -18.126000    -0.001150
  -18.116000    -0.001202
  -18.106000    -0.001250
  -18.096000    -0.001297
  -18.086000    -0.001341
  -18.076000    -0.001382
  -18.066000    -0.001421
  -18.056000    -0.001458
  -18.046000    -0.001492
  -18.036000    -0.001523
  -18.026000    -0.001551
  -18.016000    -0.001572
  -18.006000    -0.001600
  -17.996000    -0.001617
  -17.986000    -0.001634
  -17.976000    -0.001648
  -17.966000    -0.001651
  -17.956000    -0.001663
  -17.946000    -0.001664
  -17.936000    -0.001664
  -17.926000    -0.001652
  -17.916000    -0.001648
  -17.906000    -0.001633
  -17.896000    -0.001617
  -17.886000    -0.001588
  -17.876000    -0.001569
  -17.866000    -0.001533
  -17.856000    -0.001496
  -17.846000    -0.001454
  -17.836000    -0.001406
  -17.826000    -0.001354
  -17.816000    -0.001295
  -17.806000    -0.001232
  -17.796000    -0.001161
  -17.786000    -0.001085
  -17.776000    -0.001002
  -17.766000    -0.000914
  -17.756000    -0.000817
  -17.746000    -0.000716
  -17.736000    -0.000605
  -17.726000    -0.000490
  -17.716000    -0.000365
  -17.706000    -0.000233
  -17.696000    -0.000095
  -17.686000     0.000052
  -17.676000     0.000207
  -17.666000     0.000369
  -17.656000     0.000540
  -17.646000     0.000718
  -17.636000     0.000906
  -17.626000     0.001101
  -17.616000     0.001305
  -17.606000     0.001517
  -17.596000     0.001743
  -17.586000     0.001965
  -17.576000     0.002209
  -17.566000     0.002456
  -17.556000     0.002706
  -17.546000     0.002975
  -17.536000     0.003246
  -17.526000     0.003528
  -17.516000     0.003819
  -17.506000     0.004111
  -17.496000     0.004423
  -17.486000     0.004734
  -17.476000     0.005056
  -17.466000     0.005388
  -17.456000     0.005729
  -17.446000     0.006071
  -17.436000     0.006423
  -17.426000     0.006775
  -17.416000     0.007147
  -17.406000     0.007509
  -17.396000     0.007891
  -17.386000     0.008263
  -17.376000     0.008665
  -17.366000     0.009057
  -17.356000     0.009439
  -17.346000     0.009841
  -17.336000     0.010243
  -17.326000     0.010666
  -17.316000     0.011068
  -17.306000     0.011480
  -17.296000     0.011902
  -17.286000     0.012304
  -17.276000     0.012727
  -17.266000     0.013139
  -17.256000     0.013561
  -17.246000     0.013973
  -17.236000     0.014385
  -17.226000     0.014798
  -17.216000     0.015200
  -17.206000     0.015622
  -17.196000     0.015964
  -17.186000     0.016406
  -17.176000     0.016848
  -17.166000     0.017180
  -17.156000     0.017512
  -17.146000     0.017944
  -17.136000     0.018276
  -17.126000     0.018698
  -17.116000     0.019020
  -17.106000     0.019342
  -17.096000     0.019664
  -17.086000     0.019976
  -17.076000     0.020287
  -17.066000     0.020589
  -17.056000     0.020890
  -17.046000     0.021183
  -17.036000     0.021384
  -17.026000     0.021665
  -17.016000     0.021846
  -17.006000     0.022128
  -16.996000     0.022299
  -16.986000     0.022471
  -16.976000     0.022732
  -16.966000     0.022882
  -16.956000     0.023033
  -16.946000     0.023084
  -16.936000     0.023225
  -16.926000     0.023356
  -16.916000     0.023386
  -16.906000     0.023507
  -16.896000     0.023527
  -16.886000     0.023538
  -16.876000     0.023538
  -16.866000     0.023539
  -16.856000     0.023529
  -16.846000     0.023518
  -16.836000     0.023398
  -16.826000     0.023369
  -16.816000     0.023239
  -16.806000     0.023198
  -16.796000     0.023058
  -16.786000     0.022908
  -16.776000     0.022758
  -16.766000     0.022597
  -16.756000     0.022436
  -16.746000     0.022265
  -16.736000     0.021985
  -16.726000     0.021814
  -16.716000     0.021523
  -16.706000     0.021332
  -16.696000     0.021041
  -16.686000     0.020741
  -16.676000     0.020440
  -16.666000     0.020138
  -16.656000     0.019827
  -16.646000     0.019506
  -16.636000     0.019195
  -16.626000     0.018874
  -16.616000     0.018553
  -16.606000     0.018121
  -16.596000     0.017790
  -16.586000     0.017359
  -16.576000     0.017027
  -16.566000     0.016686
  -16.556000     0.016254
  -16.546000     0.015813
  -16.536000     0.015461
  -16.526000     0.015060
  -16.516000     0.014658
  -16.506000     0.014257
  -16.496000     0.013845
  -16.486000     0.013433
  -16.476000     0.013032
  -16.466000     0.012610
  -16.456000     0.012209
  -16.446000     0.011807
  -16.436000     0.011396
  -16.426000     0.010994
  -16.416000     0.010583
  -16.406000     0.010201
  -16.396000     0.009799
  -16.386000     0.009408
  -16.376000     0.009017
  -16.366000     0.008635
  -16.356000     0.008264
  -16.346000     0.007892
  -16.336000     0.007521
  -16.326000     0.007169
  -16.316000     0.006808
  -16.306000     0.006466
  -16.296000     0.006125
  -16.286000     0.005804
  -16.276000     0.005472
  -16.266000     0.005151
  -16.256000     0.004850
  -16.246000     0.004549
  -16.236000     0.004257
  -16.226000     0.003976
  -16.216000     0.003695
  -16.206000     0.003434
  -16.196000     0.003173
  -16.186000     0.002923
  -16.176000     0.002677
  -16.166000     0.002444
  -16.156000     0.002224
  -16.146000     0.002008
  -16.136000     0.001795
  -16.126000     0.001604
  -16.116000     0.001409
  -16.106000     0.001227
  -16.096000     0.001053
  -16.086000     0.000888
  -16.076000     0.000730
  -16.066000     0.000581
  -16.056000     0.000438
  -16.046000     0.000304
  -16.036000     0.000177
  -16.026000     0.000057
  -16.016000    -0.000056
  -16.006000    -0.000162
  -15.996000    -0.000260
  -15.986000    -0.000353
  -15.976000    -0.000440
  -15.966000    -0.000519
  -15.956000    -0.000593
  -15.946000    -0.000661
  -15.936000    -0.000723
  -15.926000    -0.000780
  -15.916000    -0.000833
  -15.906000    -0.000880
  -15.896000    -0.000922
  -15.886000    -0.000960
  -15.876000    -0.000993
  -15.866000    -0.001023
  -15.856000    -0.001048
  -15.846000    -0.001069
  -15.836000    -0.001088
  -15.826000    -0.001103
  -15.816000    -0.001114
  -15.806000    -0.001124
  -15.796000    -0.001128
  -15.786000    -0.001132
  -15.776000    -0.001134
  -15.766000    -0.001132
  -15.756000    -0.001129
  -15.746000    -0.001123
  -15.736000    -0.001117
  -15.726000    -0.001109
  -15.716000    -0.001098
  -15.706000    -0.001087
  -15.696000    -0.001074
  -15.686000    -0.001062
  -15.676000    -0.001046
  -15.666000    -0.001032
  -15.656000    -0.001016
  -15.646000    -0.001000
  -15.636000    -0.000983
  -15.626000    -0.000965
  -15.616000    -0.000949
  -15.606000    -0.000931
  -15.596000    -0.000914
  -15.586000    -0.000896
  -15.576000    -0.000879
  -15.566000    -0.000861
  -15.556000    -0.000846
  -15.546000    -0.000829
  -15.536000    -0.000813
  -15.526000    -0.000797
  -15.516000    -0.000782
  -15.506000    -0.000767
  -15.496000    -0.000753
  -15.486000    -0.000740
  -15.476000    -0.000727
  -15.466000    -0.000717
  -15.456000    -0.000705
  -15.446000    -0.000694
  -15.436000    -0.000686
  -15.426000    -0.000677
  -15.416000    -0.000670
  -15.406000    -0.000664
  -15.396000    -0.000658
  -15.386000    -0.000654
  -15.376000    -0.000650
  -15.366000    -0.000647
  -15.356000    -0.000647
  -15.346000    -0.000646
  -15.336000    -0.000646
  -15.326000    -0.000648
  -15.316000    -0.000651
  -15.306000    -0.000654
  -15.296000    -0.000659
  -15.286000    -0.000666
  -15.276000    -0.000672
  -15.266000    -0.000679
  -15.256000    -0.000689
  -15.246000    -0.000698
  -15.236000    -0.000709
  -15.226000    -0.000721
  -15.216000    -0.000734
  -15.206000    -0.000748
  -15.196000    -0.000762
  -15.186000    -0.000778
  -15.176000    -0.000794
  -15.166000    -0.000812
  -15.156000    -0.000829
  -15.146000    -0.000848
  -15.136000    -0.000868
  -15.126000    -0.000887
  -15.116000    -0.000908
  -15.106000    -0.000929
  -15.096000    -0.000951
  -15.086000    -0.000972
  -15.076000    -0.000994
  -15.066000    -0.001017
  -15.056000    -0.001040
  -15.046000    -0.001063
  -15.036000    -0.001087
  -15.026000    -0.001109
  -15.016000    -0.001132
  -15.006000    -0.001154
  -14.996000    -0.001177
  -14.986000    -0.001199
  -14.976000    -0.001220
  -14.966000    -0.001240
  -14.956000    -0.001259
  -14.946000    -0.001278
  -14.936000    -0.001296
  -14.926000    -0.001313
  -14.916000    -0.001328
  -14.906000    -0.001342
  -14.896000    -0.001353
  -14.886000    -0.001363
  -14.876000    -0.001372
  -14.866000    -0.001378
  -14.856000    -0.001381
  -14.846000    -0.001384
  -14.836000    -0.001382
  -14.826000    -0.001377
  -14.816000    -0.001371
  -14.806000    -0.001360
  -14.796000    -0.001346
  -14.786000    -0.001329
  -14.776000    -0.001308
  -14.766000    -0.001283
  -14.756000    -0.001254
  -14.746000    -0.001220
  -14.736000    -0.001181
  -14.726000    -0.001138
  -14.716000    -0.001089
  -14.706000    -0.001036
  -14.696000    -0.000977
  -14.686000    -0.000912
  -14.676000    -0.000841
  -14.666000    -0.000764
  -14.656000    -0.000681
  -14.646000    -0.000592
  -14.636000    -0.000495
  -14.626000    -0.000392
  -14.616000    -0.000283
  -14.606000    -0.000165
  -14.596000    -0.000041
  -14.586000     0.000092
  -14.576000     0.000232
  -14.566000     0.000380
  -14.556000     0.000535
  -14.546000     0.000699
  -14.536000     0.000872
  -14.526000     0.001052
  -14.516000     0.001241
  -14.506000     0.001440
  -14.496000     0.001644
  -14.486000     0.001860
  -14.476000     0.002085
  -14.466000     0.002316
  -14.456000     0.002557
  -14.446000     0.002808
  -14.436000     0.003060
  -14.426000     0.003341
  -14.416000     0.003612
  -14.406000     0.003894
  -14.396000     0.004195
  -14.386000     0.004487
  -14.376000     0.004799
  -14.366000     0.005121
  -14.356000     0.005453
  -14.346000     0.005785
  -14.336000     0.006128
  -14.326000     0.006480
  -14.316000     0.006833
  -14.306000     0.007195
  -14.296000     0.007568
  -14.286000     0.007951
  -14.276000     0.008334
  -14.266000     0.008718
  -14.256000     0.009121
  -14.246000     0.009514
  -14.236000     0.009928
  -14.226000     0.010332
  -14.216000     0.010746
  -14.206000     0.011170
  -14.196000     0.011594
  -14.186000     0.012019
  -14.176000     0.012444
  -14.166000     0.012878
  -14.156000     0.013303
  -14.146000     0.013738
  -14.136000     0.014164
  -14.126000     0.014599
  -14.116000     0.015034
  -14.106000     0.015460
  -14.096000     0.015886
  -14.086000     0.016322
  -14.076000     0.016748
  -14.066000     0.017174
  -14.056000     0.017591
  -14.046000     0.017997
  -14.036000     0.018454
  -14.026000     0.018821
  -14.016000     0.019188
  -14.006000     0.019655
  -13.996000     0.020022
  -13.986000     0.020380
  -13.976000     0.020727
  -13.966000     0.021075
  -13.956000     0.021423
  -13.946000     0.021761
  -13.936000     0.022198
  -13.926000     0.022426
  -13.916000     0.022754
  -13.906000     0.023042
  -13.896000     0.023351
  -13.886000     0.023659
  -13.876000     0.023968
  -13.866000     0.024176
  -13.856000     0.024484
  -13.846000     0.024693
  -13.836000     0.024902
  -13.826000     0.025110
  -13.816000     0.025318
  -13.806000     0.025527
  -13.796000     0.025736
  -13.786000     0.025844
  -13.776000     0.025953
  -13.766000     0.026061
  -13.756000     0.026269
  -13.746000     0.026378
  -13.736000     0.026387
  -13.726000     0.026495
  -13.716000     0.026603
  -13.706000     0.026511
  -13.696000     0.026619
  -13.686000     0.026626
  -13.676000     0.026634
  -13.666000     0.026642
  -13.656000     0.026650
  -13.646000     0.026556
  -13.636000     0.026464
  -13.626000     0.026472
  -13.616000     0.026378
  -13.606000     0.026286
  -13.596000     0.026091
  -13.586000     0.026097
  -13.576000     0.026003
  -13.566000     0.025809
  -13.556000     0.025684
  -13.546000     0.025480
  -13.536000     0.025275
  -13.526000     0.025171
  -13.516000     0.024955
  -13.506000     0.024740
  -13.496000     0.024524
  -13.486000     0.024298
  -13.476000     0.024071
  -13.466000     0.023845
  -13.456000     0.023608
  -13.446000     0.023372
  -13.436000     0.023143
  -13.426000     0.022895
  -13.416000     0.022657
  -13.406000     0.022419
  -13.396000     0.022070
  -13.386000     0.021821
  -13.376000     0.021581
  -13.366000     0.021233
  -13.356000     0.020982
  -13.346000     0.020633
  -13.336000     0.020383
  -13.326000     0.020141
  -13.316000     0.019790
  -13.306000     0.019539
  -13.296000     0.019187
  -13.286000     0.018945
  -13.276000     0.018593
  -13.266000     0.018251
  -13.256000     0.017998
  -13.246000     0.017655
  -13.236000     0.017410
  -13.226000     0.017067
  -13.216000     0.016833
  -13.206000     0.016489
  -13.196000     0.016155
  -13.186000     0.015920
  -13.176000     0.015586
  -13.166000     0.015250
  -13.156000     0.015005
  -13.146000     0.014719
  -13.136000     0.014434
  -13.126000     0.014148
  -13.116000     0.013861
  -13.106000     0.013586
  -13.096000     0.013299
  -13.086000     0.013022
  -13.076000     0.012755
  -13.066000     0.012488
  -13.056000     0.012221
  -13.046000     0.011964
  -13.036000     0.011696
  -13.026000     0.011439
  -13.016000     0.011181
  -13.006000     0.010923
  -12.996000     0.010676
  -12.986000     0.010437
  -12.976000     0.010189
  -12.966000     0.009951
  -12.956000     0.009713
  -12.946000     0.009475
  -12.936000     0.009246
  -12.926000     0.009008
  -12.916000     0.008780
  -12.906000     0.008562
  -12.896000     0.008343
  -12.886000     0.008124
  -12.876000     0.007906
  -12.866000     0.007698
  -12.856000     0.007480
  -12.846000     0.007270
  -12.836000     0.007062
  -12.826000     0.006864
  -12.816000     0.006655
  -12.806000     0.006457
  -12.796000     0.006259
  -12.786000     0.006062
  -12.776000     0.005873
  -12.766000     0.005675
  -12.756000     0.005487
  -12.746000     0.005300
  -12.736000     0.005122
  -12.726000     0.004933
  -12.716000     0.004758
  -12.706000     0.004572
  -12.696000     0.004398
  -12.686000     0.004225
  -12.676000     0.004051
  -12.666000     0.003879
  -12.656000     0.003717
  -12.646000     0.003547
  -12.636000     0.003376
  -12.626000     0.003216
  -12.616000     0.003058
  -12.606000     0.002900
  -12.596000     0.002742
  -12.586000     0.002585
  -12.576000     0.002429
  -12.566000     0.002282
  -12.556000     0.002138
  -12.546000     0.001983
  -12.536000     0.001839
  -12.526000     0.001706
  -12.516000     0.001562
  -12.506000     0.001420
  -12.496000     0.001289
  -12.486000     0.001158
  -12.476000     0.001027
  -12.466000     0.000899
  -12.456000     0.000773
  -12.446000     0.000651
  -12.436000     0.000532
  -12.426000     0.000413
  -12.416000     0.000300
  -12.406000     0.000189
  -12.396000     0.000082
  -12.386000    -0.000025
  -12.376000    -0.000126
  -12.366000    -0.000225
  -12.356000    -0.000321
  -12.346000    -0.000413
  -12.336000    -0.000501
  -12.326000    -0.000586
  -12.316000    -0.000668
  -12.306000    -0.000744
  -12.296000    -0.000817
  -12.286000    -0.000888
  -12.276000    -0.000953
  -12.266000    -0.001013
  -12.256000    -0.001071
  -12.246000    -0.001124
  -12.236000    -0.001171
  -12.226000    -0.001214
  -12.216000    -0.001253
  -12.206000    -0.001287
  -12.196000    -0.001315
  -12.186000    -0.001338
  -12.176000    -0.001356
  -12.166000    -0.001367
  -12.156000    -0.001375
  -12.146000    -0.001376
  -12.136000    -0.001372
  -12.126000    -0.001362
  -12.116000    -0.001344
  -12.106000    -0.001322
  -12.096000    -0.001294
  -12.086000    -0.001257
  -12.076000    -0.001215
  -12.066000    -0.001167
  -12.056000    -0.001112
  -12.046000    -0.001048
  -12.036000    -0.000980
  -12.026000    -0.000902
  -12.016000    -0.000819
  -12.006000    -0.000728
  -11.996000    -0.000630
  -11.986000    -0.000523
  -11.976000    -0.000408
  -11.966000    -0.000287
  -11.956000    -0.000158
  -11.946000    -0.000020
  -11.936000     0.000124
  -11.926000     0.000278
  -11.916000     0.000439
  -11.906000     0.000607
  -11.896000     0.000786
  -11.886000     0.000971
  -11.876000     0.001164
  -11.866000     0.001365
  -11.856000     0.001574
  -11.846000     0.001794
  -11.836000     0.002019
  -11.826000     0.002246
  -11.816000     0.002485
  -11.806000     0.002744
  -11.796000     0.002994
  -11.786000     0.003253
  -11.776000     0.003533
  -11.766000     0.003804
  -11.756000     0.004094
  -11.746000     0.004384
  -11.736000     0.004685
  -11.726000     0.004987
  -11.716000     0.005298
  -11.706000     0.005610
  -11.696000     0.005941
  -11.686000     0.006264
  -11.676000     0.006596
  -11.666000     0.006938
  -11.656000     0.007280
  -11.646000     0.007623
  -11.636000     0.007976
  -11.626000     0.008329
  -11.616000     0.008691
  -11.606000     0.009045
  -11.596000     0.009397
  -11.586000     0.009761
  -11.576000     0.010135
  -11.566000     0.010497
  -11.556000     0.010861
  -11.546000     0.011233
  -11.536000     0.011607
  -11.526000     0.011970
  -11.516000     0.012333
  -11.506000     0.012686
  -11.496000     0.013049
  -11.486000     0.013411
  -11.476000     0.013765
  -11.466000     0.014117
  -11.456000     0.014459
  -11.446000     0.014802
  -11.436000     0.015133
  -11.426000     0.015474
  -11.416000     0.015796
  -11.406000     0.016116
  -11.396000     0.016417
  -11.386000     0.016727
  -11.376000     0.017018
  -11.366000     0.017307
  -11.356000     0.017586
  -11.346000     0.017855
  -11.336000     0.018113
  -11.326000     0.018371
  -11.316000     0.018609
  -11.306000     0.018836
  -11.296000     0.019052
  -11.286000     0.019268
  -11.276000     0.019453
  -11.266000     0.019648
  -11.256000     0.019813
  -11.246000     0.020015
  -11.236000     0.020089
  -11.226000     0.020251
  -11.216000     0.020413
  -11.206000     0.020463
  -11.196000     0.020613
  -11.186000     0.020653
  -11.176000     0.020681
  -11.166000     0.020809
  -11.156000     0.020827
  -11.146000     0.020843
  -11.136000     0.020849
  -11.126000     0.020853
  -11.116000     0.020837
  -11.106000     0.020820
  -11.096000     0.020701
  -11.086000     0.020672
  -11.076000     0.020633
  -11.066000     0.020492
  -11.056000     0.020449
  -11.046000     0.020286
  -11.036000     0.020122
  -11.026000     0.020057
  -11.016000     0.019871
  -11.006000     0.019704
  -10.996000     0.019523
  -10.986000     0.019335
  -10.976000     0.019122
  -10.966000     0.018910
  -10.956000     0.018686
  -10.946000     0.018431
  -10.936000     0.018174
  -10.926000     0.017915
  -10.916000     0.017635
  -10.906000     0.017344
  -10.896000     0.017051
  -10.886000     0.016735
  -10.876000     0.016418
  -10.866000     0.016100
  -10.856000     0.015750
  -10.846000     0.015407
  -10.836000     0.015043
  -10.826000     0.014675
  -10.816000     0.014296
  -10.806000     0.013915
  -10.796000     0.013511
  -10.786000     0.013116
  -10.776000     0.012697
  -10.766000     0.012275
  -10.756000     0.011851
  -10.746000     0.011414
  -10.736000     0.010974
  -10.726000     0.010520
  -10.716000     0.010055
  -10.706000     0.009606
  -10.696000     0.009133
  -10.686000     0.008646
  -10.676000     0.008155
  -10.666000     0.007673
  -10.656000     0.007174
  -10.646000     0.006662
  -10.636000     0.006158
  -10.626000     0.005637
  -10.616000     0.005123
  -10.606000     0.004604
  -10.596000     0.004072
  -10.586000     0.003533
  -10.576000     0.002991
  -10.566000     0.002454
  -10.556000     0.001901
  -10.546000     0.001354
  -10.536000     0.000799
  -10.526000     0.000248
  -10.516000    -0.000309
  -10.506000    -0.000865
  -10.496000    -0.001427
  -10.486000    -0.001988
  -10.476000    -0.002551
  -10.466000    -0.003116
  -10.456000    -0.003670
  -10.446000    -0.004231
  -10.436000    -0.004788
  -10.426000    -0.005340
  -10.416000    -0.005888
  -10.406000    -0.006436
  -10.396000    -0.006971
  -10.386000    -0.007502
  -10.376000    -0.008020
  -10.366000    -0.008540
  -10.356000    -0.009038
  -10.346000    -0.009537
  -10.336000    -0.010022
  -10.326000    -0.010474
  -10.316000    -0.010931
  -10.306000    -0.011373
  -10.296000    -0.011781
  -10.286000    -0.012174
  -10.276000    -0.012541
  -10.266000    -0.012892
  -10.256000    -0.013230
  -10.246000    -0.013510
  -10.236000    -0.013790
  -10.226000    -0.014010
  -10.216000    -0.014210
  -10.206000    -0.014390
  -10.196000    -0.014530
  -10.186000    -0.014600
  -10.176000    -0.014650
  -10.166000    -0.014660
  -10.156000    -0.014620
  -10.146000    -0.014530
  -10.136000    -0.014371
  -10.126000    -0.014179
  -10.116000    -0.013934
  -10.106000    -0.013605
  -10.096000    -0.013240
  -10.086000    -0.012810
  -10.076000    -0.012290
  -10.066000    -0.011713
  -10.056000    -0.011057
  -10.046000    -0.010325
  -10.036000    -0.009528
  -10.026000    -0.008643
  -10.016000    -0.007672
  -10.006000    -0.006603
   -9.996000    -0.005466
   -9.986000    -0.004240
   -9.976000    -0.002886
   -9.966000    -0.001480
   -9.956000     0.000080
   -9.946000     0.001710
   -9.936000     0.003370
   -9.926000     0.005220
   -9.916000     0.007130
   -9.906000     0.009200
   -9.896000     0.011350
   -9.886000     0.013660
   -9.876000     0.016068
   -9.866000     0.018534
   -9.856000     0.021179
   -9.846000     0.023906
   -9.836000     0.026823
   -9.826000     0.029812
   -9.816000     0.032902
   -9.806000     0.036163
   -9.796000     0.039525
   -9.786000     0.042981
   -9.776000     0.046672
   -9.766000     0.050383
   -9.756000     0.054267
   -9.746000     0.058232
   -9.736000     0.062272
   -9.726000     0.066586
   -9.716000     0.070889
   -9.706000     0.075470
   -9.696000     0.080018
   -9.686000     0.084780
   -9.676000     0.089500
   -9.666000     0.094510
   -9.656000     0.099520
   -9.646000     0.104690
   -9.636000     0.109980
   -9.626000     0.115440
   -9.616000     0.120880
   -9.606000     0.126410
   -9.596000     0.132150
   -9.586000     0.137960
   -9.576000     0.143770
   -9.566000     0.149650
   -9.556000     0.155610
   -9.546000     0.161800
   -9.536000     0.167770
   -9.526000     0.174110
   -9.516000     0.180320
   -9.506000     0.186610
   -9.496000     0.192940
   -9.486000     0.199460
   -9.476000     0.205900
   -9.466000     0.212400
   -9.456000     0.218800
   -9.446000     0.225300
   -9.436000     0.232100
   -9.426000     0.238100
   -9.416000     0.245300
   -9.406000     0.251500
   -9.396000     0.257800
   -9.386000     0.264200
   -9.376000     0.270600
   -9.366000     0.277100
   -9.356000     0.283400
   -9.346000     0.290000
   -9.336000     0.296500
   -9.326000     0.303100
   -9.316000     0.308500
   -9.306000     0.315000
   -9.296000     0.320500
   -9.286000     0.327000
   -9.276000     0.332500
   -9.266000     0.339000
   -9.256000     0.344600
   -9.246000     0.350000
   -9.236000     0.355400
   -9.226000     0.360900
   -9.216000     0.366100
   -9.206000     0.371200
   -9.196000     0.375600
   -9.186000     0.380800
   -9.176000     0.385700
   -9.166000     0.389900
   -9.156000     0.394800
   -9.146000     0.398700
   -9.136000     0.403500
   -9.126000     0.407100
   -9.116000     0.410800
   -9.106000     0.414400
   -9.096000     0.417700
   -9.086000     0.421100
   -9.076000     0.424200
   -9.066000     0.427400
   -9.056000     0.430500
   -9.046000     0.433300
   -9.036000     0.436100
   -9.026000     0.438700
   -9.016000     0.441300
   -9.006000     0.442900
   -8.996000     0.444900
   -8.986000     0.446700
   -8.976000     0.448400
   -8.966000     0.449900
   -8.956000     0.451300
   -8.946000     0.452500
   -8.936000     0.453600
   -8.926000     0.454900
   -8.916000     0.455600
   -8.906000     0.456300
   -8.896000     0.456900
   -8.886000     0.457300
   -8.876000     0.457700
   -8.866000     0.457800
   -8.856000     0.458200
   -8.846000     0.458100
   -8.836000     0.458100
   -8.826000     0.457900
   -8.816000     0.457700
   -8.806000     0.457400
   -8.796000     0.457000
   -8.786000     0.456500
   -8.776000     0.456000
   -8.766000     0.455500
   -8.756000     0.455000
   -8.746000     0.454200
   -8.736000     0.453400
   -8.726000     0.452500
   -8.716000     0.451900
   -8.706000     0.451100
   -8.696000     0.450200
   -8.686000     0.449300
   -8.676000     0.448400
   -8.666000     0.447500
   -8.656000     0.446600
   -8.646000     0.445900
   -8.636000     0.444900
   -8.626000     0.444000
   -8.616000     0.443200
   -8.606000     0.442500
   -8.596000     0.441400
   -8.586000     0.440800
   -8.576000     0.440000
   -8.566000     0.439300
   -8.556000     0.438600
   -8.546000     0.437800
   -8.536000     0.437300
   -8.526000     0.436900
   -8.516000     0.436300
   -8.506000     0.436000
   -8.496000     0.435600
   -8.486000     0.435200
   -8.476000     0.435000
   -8.466000     0.434800
   -8.456000     0.434900
   -8.446000     0.434800
   -8.436000     0.434900
   -8.426000     0.435000
   -8.416000     0.435100
   -8.406000     0.435300
   -8.396000     0.435800
   -8.386000     0.436200
   -8.376000     0.436700
   -8.366000     0.437400
   -8.356000     0.438000
   -8.346000     0.438500
   -8.336000     0.439700
   -8.326000     0.441200
   -8.316000     0.441700
   -8.306000     0.443000
   -8.296000     0.444600
   -8.286000     0.445200
   -8.276000     0.446900
   -8.266000     0.448500
   -8.256000     0.450400
   -8.246000     0.452200
   -8.236000     0.454100
   -8.226000     0.456200
   -8.216000     0.458300
   -8.206000     0.460500
   -8.196000     0.462800
   -8.186000     0.465200
   -8.176000     0.467900
   -8.166000     0.470600
   -8.156000     0.473300
   -8.146000     0.476300
   -8.136000     0.479500
   -8.126000     0.482900
   -8.116000     0.486300
   -8.106000     0.489900
   -8.096000     0.493700
   -8.086000     0.497800
   -8.076000     0.500900
   -8.066000     0.505400
   -8.056000     0.509900
   -8.046000     0.513700
   -8.036000     0.518700
   -8.026000     0.523200
   -8.016000     0.528400
   -8.006000     0.533300
   -7.996000     0.538300
   -7.986000     0.543300
   -7.976000     0.549100
   -7.966000     0.554700
   -7.956000     0.560800
   -7.946000     0.567000
   -7.936000     0.572500
   -7.926000     0.579300
   -7.916000     0.585500
   -7.906000     0.593000
   -7.896000     0.599700
   -7.886000     0.606700
   -7.876000     0.614000
   -7.866000     0.621700
   -7.856000     0.628500
   -7.846000     0.636600
   -7.836000     0.644200
   -7.826000     0.652800
   -7.816000     0.661100
   -7.806000     0.669400
   -7.796000     0.678100
   -7.786000     0.687000
   -7.776000     0.695300
   -7.766000     0.704800
   -7.756000     0.713600
   -7.746000     0.722700
   -7.736000     0.733600
   -7.726000     0.742600
   -7.716000     0.750800
   -7.706000     0.761100
   -7.696000     0.771500
   -7.686000     0.781000
   -7.676000     0.791700
   -7.666000     0.801500
   -7.656000     0.812300
   -7.646000     0.822300
   -7.636000     0.832300
   -7.626000     0.842700
   -7.616000     0.853900
   -7.606000     0.864100
   -7.596000     0.873700
   -7.586000     0.885200
   -7.576000     0.895900
   -7.566000     0.905500
   -7.556000     0.915800
   -7.546000     0.925900
   -7.536000     0.937000
   -7.526000     0.948000
   -7.516000     0.958000
   -7.506000     0.967100
   -7.496000     0.977100
   -7.486000     0.987100
   -7.476000     0.997100
   -7.466000     1.006100
   -7.456000     1.015100
   -7.446000     1.025000
   -7.436000     1.032900
   -7.426000     1.040800
   -7.416000     1.050600
   -7.406000     1.058400
   -7.396000     1.066200
   -7.386000     1.074800
   -7.376000     1.081400
   -7.366000     1.088900
   -7.356000     1.094500
   -7.346000     1.102000
   -7.336000     1.106300
   -7.326000     1.111500
   -7.316000     1.117800
   -7.306000     1.121700
   -7.296000     1.126400
   -7.286000     1.130100
   -7.276000     1.133900
   -7.266000     1.137600
   -7.256000     1.141100
   -7.246000     1.142600
   -7.236000     1.143200
   -7.226000     1.145700
   -7.216000     1.144900
   -7.206000     1.146300
   -7.196000     1.145700
   -7.186000     1.144900
   -7.176000     1.143000
   -7.166000     1.141300
   -7.156000     1.138300
   -7.146000     1.136300
   -7.136000     1.133400
   -7.126000     1.129300
   -7.116000     1.124300
   -7.106000     1.119200
   -7.096000     1.114900
   -7.086000     1.108800
   -7.076000     1.102500
   -7.066000     1.096100
   -7.056000     1.086800
   -7.046000     1.078400
   -7.036000     1.070900
   -7.026000     1.060500
   -7.016000     1.051900
   -7.006000     1.042500
   -6.996000     1.030900
   -6.986000     1.020300
   -6.976000     1.008700
   -6.966000     0.996800
   -6.956000     0.984300
   -6.946000     0.971600
   -6.936000     0.958700
   -6.926000     0.945000
   -6.916000     0.931200
   -6.906000     0.916400
   -6.896000     0.901600
   -6.886000     0.886800
   -6.876000     0.872000
   -6.866000     0.856200
   -6.856000     0.840200
   -6.846000     0.825400
   -6.836000     0.809600
   -6.826000     0.791800
   -6.816000     0.775900
   -6.806000     0.758060
   -6.796000     0.741230
   -6.786000     0.725630
   -6.776000     0.706750
   -6.766000     0.690910
   -6.756000     0.673180
   -6.746000     0.655590
   -6.736000     0.639010
   -6.726000     0.620360
   -6.716000     0.604130
   -6.706000     0.585710
   -6.696000     0.569510
   -6.686000     0.551530
   -6.676000     0.534460
   -6.666000     0.517200
   -6.656000     0.500860
   -6.646000     0.484220
   -6.636000     0.467200
   -6.626000     0.451380
   -6.616000     0.434780
   -6.606000     0.419280
   -6.596000     0.404280
   -6.586000     0.388490
   -6.576000     0.373810
   -6.566000     0.358830
   -6.556000     0.345060
   -6.546000     0.330390
   -6.536000     0.317430
   -6.526000     0.304560
   -6.516000     0.291350
   -6.506000     0.279440
   -6.496000     0.267960
   -6.486000     0.255810
   -6.476000     0.245200
   -6.466000     0.235120
   -6.456000     0.224993
   -6.446000     0.215602
   -6.436000     0.206660
   -6.426000     0.198460
   -6.416000     0.190510
   -6.406000     0.183420
   -6.396000     0.176770
   -6.386000     0.170680
   -6.376000     0.165140
   -6.366000     0.160160
   -6.356000     0.155850
   -6.346000     0.152300
   -6.336000     0.149010
   -6.326000     0.146580
   -6.316000     0.144629
   -6.306000     0.143431
   -6.296000     0.142920
   -6.286000     0.142760
   -6.276000     0.143490
   -6.266000     0.144780
   -6.256000     0.146650
   -6.246000     0.149080
   -6.236000     0.152180
   -6.226000     0.156200
   -6.216000     0.160430
   -6.206000     0.165290
   -6.196000     0.170980
   -6.186000     0.177290
   -6.176000     0.184130
   -6.166000     0.191600
   -6.156000     0.199500
   -6.146000     0.208240
   -6.136000     0.217410
   -6.126000     0.227210
   -6.116000     0.237450
   -6.106000     0.248300
   -6.096000     0.259700
   -6.086000     0.271700
   -6.076000     0.284000
   -6.066000     0.297100
   -6.056000     0.310500
   -6.046000     0.324300
   -6.036000     0.338600
   -6.026000     0.353400
   -6.016000     0.368600
   -6.006000     0.384400
   -5.996000     0.400000
   -5.986000     0.417100
   -5.976000     0.433400
   -5.966000     0.450000
   -5.956000     0.468100
   -5.946000     0.485100
   -5.936000     0.502900
   -5.926000     0.522700
   -5.916000     0.539600
   -5.906000     0.558700
   -5.896000     0.577800
   -5.886000     0.595900
   -5.876000     0.616200
   -5.866000     0.634400
   -5.856000     0.653700
   -5.846000     0.673100
   -5.836000     0.693400
   -5.826000     0.711900
   -5.816000     0.731300
   -5.806000     0.751800
   -5.796000     0.770300
   -5.786000     0.790700
   -5.776000     0.808200
   -5.766000     0.827600
   -5.756000     0.846100
   -5.746000     0.865700
   -5.736000     0.884100
   -5.726000     0.903500
   -5.716000     0.919800
   -5.706000     0.938500
   -5.696000     0.955700
   -5.686000     0.972000
   -5.676000     0.988300
   -5.666000     1.005400
   -5.656000     1.021800
   -5.646000     1.036900
   -5.636000     1.052000
   -5.626000     1.067000
   -5.616000     1.082000
   -5.606000     1.095100
   -5.596000     1.107500
   -5.586000     1.120600
   -5.576000     1.133200
   -5.566000     1.144900
   -5.556000     1.155400
   -5.546000     1.167000
   -5.536000     1.175500
   -5.526000     1.187100
   -5.516000     1.195700
   -5.506000     1.203300
   -5.496000     1.210800
   -5.486000     1.217500
   -5.476000     1.224000
   -5.466000     1.228700
   -5.456000     1.234300
   -5.446000     1.239000
   -5.436000     1.242600
   -5.426000     1.245400
   -5.416000     1.249300
   -5.406000     1.250100
   -5.396000     1.251200
   -5.386000     1.253000
   -5.376000     1.252200
   -5.366000     1.252300
   -5.356000     1.250600
   -5.346000     1.250000
   -5.336000     1.247400
   -5.326000     1.242900
   -5.316000     1.240500
   -5.306000     1.236300
   -5.296000     1.232200
   -5.286000     1.229300
   -5.276000     1.222300
   -5.266000     1.217600
   -5.256000     1.209000
   -5.246000     1.204500
   -5.236000     1.196200
   -5.226000     1.189100
   -5.216000     1.182200
   -5.206000     1.173300
   -5.196000     1.165600
   -5.186000     1.157200
   -5.176000     1.148900
   -5.166000     1.138900
   -5.156000     1.129900
   -5.146000     1.120200
   -5.136000     1.111600
   -5.126000     1.102200
   -5.116000     1.092200
   -5.106000     1.082200
   -5.096000     1.073400
   -5.086000     1.063000
   -5.076000     1.053600
   -5.066000     1.043500
   -5.056000     1.034700
   -5.046000     1.026000
   -5.036000     1.014500
   -5.026000     1.006300
   -5.016000     0.997300
   -5.006000     0.988500
   -4.996000     0.979800
   -4.986000     0.971500
   -4.976000     0.964300
   -4.966000     0.956400
   -4.956000     0.947700
   -4.946000     0.940100
   -4.936000     0.934800
   -4.926000     0.928700
   -4.916000     0.922800
   -4.906000     0.916100
   -4.896000     0.910600
   -4.886000     0.906300
   -4.876000     0.902700
   -4.866000     0.900100
   -4.856000     0.896700
   -4.846000     0.892900
   -4.836000     0.890200
   -4.826000     0.888600
   -4.816000     0.886400
   -4.806000     0.886100
   -4.796000     0.886900
   -4.786000     0.885800
   -4.776000     0.887100
   -4.766000     0.886800
   -4.756000     0.888800
   -4.746000     0.891900
   -4.736000     0.893600
   -4.726000     0.896500
   -4.716000     0.900700
   -4.706000     0.903400
   -4.696000     0.908200
   -4.686000     0.914500
   -4.676000     0.917900
   -4.666000     0.923000
   -4.656000     0.930300
   -4.646000     0.935800
   -4.636000     0.942800
   -4.626000     0.950000
   -4.616000     0.957700
   -4.606000     0.965600
   -4.596000     0.973900
   -4.586000     0.981400
   -4.576000     0.990300
   -4.566000     1.000500
   -4.556000     1.009100
   -4.546000     1.017900
   -4.536000     1.027100
   -4.526000     1.037400
   -4.516000     1.046100
   -4.506000     1.057200
   -4.496000     1.066500
   -4.486000     1.077000
   -4.476000     1.086900
   -4.466000     1.097900
   -4.456000     1.107300
   -4.446000     1.117900
   -4.436000     1.127700
   -4.426000     1.137700
   -4.416000     1.147000
   -4.406000     1.158500
   -4.396000     1.168300
   -4.386000     1.177100
   -4.376000     1.187300
   -4.366000     1.195500
   -4.356000     1.205100
   -4.346000     1.214700
   -4.336000     1.223600
   -4.326000     1.231700
   -4.316000     1.239900
   -4.306000     1.248200
   -4.296000     1.256800
   -4.286000     1.262300
   -4.276000     1.271100
   -4.266000     1.277100
   -4.256000     1.283200
   -4.246000     1.290300
   -4.236000     1.295700
   -4.226000     1.302100
   -4.216000     1.305700
   -4.206000     1.311400
   -4.196000     1.315100
   -4.186000     1.318900
   -4.176000     1.323900
   -4.166000     1.326900
   -4.156000     1.329000
   -4.146000     1.332300
   -4.136000     1.333700
   -4.126000     1.335900
   -4.116000     1.337300
   -4.106000     1.339900
   -4.096000     1.339500
   -4.086000     1.339200
   -4.076000     1.338900
   -4.066000     1.339700
   -4.056000     1.338600
   -4.046000     1.336500
   -4.036000     1.335500
   -4.026000     1.333500
   -4.016000     1.331500
   -4.006000     1.328600
   -3.996000     1.325800
   -3.986000     1.322900
   -3.976000     1.320200
   -3.966000     1.316600
   -3.956000     1.311600
   -3.946000     1.307900
   -3.936000     1.303400
   -3.926000     1.298700
   -3.916000     1.294200
   -3.906000     1.289500
   -3.896000     1.284000
   -3.886000     1.279400
   -3.876000     1.272800
   -3.866000     1.266300
   -3.856000     1.260800
   -3.846000     1.255300
   -3.836000     1.247700
   -3.826000     1.242200
   -3.816000     1.235600
   -3.806000     1.228900
   -3.796000     1.222400
   -3.786000     1.214700
   -3.776000     1.208000
   -3.766000     1.200300
   -3.756000     1.192700
   -3.746000     1.187200
   -3.736000     1.180100
   -3.726000     1.171900
   -3.716000     1.164500
   -3.706000     1.158300
   -3.696000     1.151000
   -3.686000     1.143800
   -3.676000     1.137500
   -3.666000     1.129100
   -3.656000     1.121900
   -3.646000     1.114600
   -3.636000     1.108400
   -3.626000     1.100100
   -3.616000     1.094800
   -3.606000     1.086600
   -3.596000     1.079300
   -3.586000     1.072100
   -3.576000     1.066800
   -3.566000     1.060600
   -3.556000     1.053300
   -3.546000     1.047100
   -3.536000     1.041800
   -3.526000     1.033600
   -3.516000     1.028300
   -3.506000     1.021000
   -3.496000     1.016800
   -3.486000     1.009500
   -3.476000     1.005200
   -3.466000     0.998900
   -3.456000     0.994600
   -3.446000     0.988300
   -3.436000     0.984000
   -3.426000     0.978600
   -3.416000     0.973300
   -3.406000     0.970900
   -3.396000     0.966500
   -3.386000     0.962100
   -3.376000     0.956700
   -3.366000     0.953200
   -3.356000     0.947800
   -3.346000     0.945300
   -3.336000     0.940800
   -3.326000     0.937300
   -3.316000     0.933700
   -3.306000     0.932100
   -3.296000     0.929000
   -3.286000     0.926000
   -3.276000     0.924000
   -3.266000     0.921200
   -3.256000     0.919300
   -3.246000     0.917500
   -3.236000     0.915700
   -3.226000     0.913100
   -3.216000     0.911400
   -3.206000     0.911800
   -3.196000     0.910300
   -3.186000     0.909800
   -3.176000     0.909400
   -3.166000     0.908500
   -3.156000     0.907500
   -3.146000     0.908500
   -3.136000     0.907500
   -3.126000     0.908400
   -3.116000     0.910300
   -3.106000     0.911200
   -3.096000     0.911600
   -3.086000     0.912200
   -3.076000     0.916800
   -3.066000     0.918200
   -3.056000     0.920900
   -3.046000     0.923200
   -3.036000     0.925600
   -3.026000     0.929100
   -3.016000     0.931600
   -3.006000     0.936100
   -2.996000     0.939600
   -2.986000     0.943100
   -2.976000     0.947700
   -2.966000     0.953200
   -2.956000     0.958800
   -2.946000     0.965500
   -2.936000     0.970200
   -2.926000     0.976900
   -2.916000     0.983700
   -2.906000     0.991700
   -2.896000     0.997600
   -2.886000     1.006800
   -2.876000     1.015000
   -2.866000     1.024300
   -2.856000     1.033800
   -2.846000     1.042400
   -2.836000     1.053100
   -2.826000     1.063000
   -2.816000     1.074000
   -2.806000     1.085200
   -2.796000     1.098600
   -2.786000     1.110200
   -2.776000     1.123000
   -2.766000     1.136900
   -2.756000     1.151200
   -2.746000     1.165500
   -2.736000     1.180100
   -2.726000     1.197100
   -2.716000     1.213000
   -2.706000     1.229400
   -2.696000     1.247000
   -2.686000     1.263800
   -2.676000     1.282800
   -2.666000     1.301200
   -2.656000     1.321700
   -2.646000     1.341600
   -2.636000     1.360800
   -2.626000     1.382700
   -2.616000     1.404800
   -2.606000     1.426100
   -2.596000     1.450500
   -2.586000     1.473100
   -2.576000     1.497900
   -2.566000     1.521900
   -2.556000     1.547200
   -2.546000     1.572600
   -2.536000     1.597300
   -2.526000     1.623100
   -2.516000     1.649100
   -2.506000     1.678300
   -2.496000     1.704700
   -2.486000     1.735300
   -2.476000     1.763100
   -2.466000     1.792200
   -2.456000     1.820300
   -2.446000     1.850600
   -2.436000     1.880400
   -2.426000     1.911500
   -2.416000     1.941700
   -2.406000     1.973000
   -2.396000     2.003300
   -2.386000     2.034700
   -2.376000     2.066100
   -2.366000     2.097600
   -2.356000     2.130100
   -2.346000     2.161700
   -2.336000     2.193300
   -2.326000     2.225000
   -2.316000     2.255800
   -2.306000     2.287600
   -2.296000     2.318500
   -2.286000     2.349400
   -2.276000     2.380400
   -2.266000     2.411500
   -2.256000     2.441600
   -2.246000     2.470800
   -2.236000     2.502000
   -2.226000     2.531300
   -2.216000     2.560600
   -2.206000     2.589000
   -2.196000     2.616500
   -2.186000     2.642000
   -2.176000     2.668500
   -2.166000     2.697200
   -2.156000     2.721800
   -2.146000     2.746500
   -2.136000     2.770300
   -2.126000     2.793100
   -2.116000     2.815900
   -2.106000     2.837800
   -2.096000     2.857800
   -2.086000     2.877700
   -2.076000     2.896700
   -2.066000     2.913800
   -2.056000     2.930900
   -2.046000     2.946000
   -2.036000     2.961100
   -2.026000     2.975300
   -2.016000     2.988500
   -2.006000     3.000700
   -1.996000     3.010900
   -1.986000     3.019200
   -1.976000     3.028400
   -1.966000     3.036700
   -1.956000     3.041000
   -1.946000     3.047000
   -1.936000     3.050000
   -1.926000     3.052000
   -1.916000     3.054000
   -1.906000     3.054000
   -1.896000     3.054000
   -1.886000     3.051000
   -1.876000     3.047000
   -1.866000     3.043000
   -1.856000     3.038000
   -1.846000     3.033000
   -1.836000     3.025000
   -1.826000     3.015000
   -1.816000     3.007000
   -1.806000     2.996000
   -1.796000     2.984000
   -1.786000     2.974000
   -1.776000     2.959000
   -1.766000     2.945000
   -1.756000     2.932000
   -1.746000     2.914000
   -1.736000     2.898000
   -1.726000     2.880000
   -1.716000     2.861000
   -1.706000     2.845000
   -1.696000     2.823000
   -1.686000     2.804000
   -1.676000     2.784000
   -1.666000     2.761000
   -1.656000     2.740000
   -1.646000     2.717000
   -1.636000     2.693000
   -1.626000     2.671000
   -1.616000     2.648000
   -1.606000     2.625000
   -1.596000     2.600000
   -1.586000     2.575000
   -1.576000     2.550000
   -1.566000     2.525000
   -1.556000     2.502000
   -1.546000     2.477000
   -1.536000     2.452000
   -1.526000     2.429000
   -1.516000     2.403000
   -1.506000     2.377000
   -1.496000     2.352000
   -1.486000     2.328000
   -1.476000     2.302000
   -1.466000     2.278500
   -1.456000     2.253500
   -1.446000     2.228600
   -1.436000     2.205800
   -1.426000     2.183000
   -1.416000     2.159300
   -1.406000     2.135600
   -1.396000     2.114000
   -1.386000     2.090400
   -1.376000     2.068500
   -1.366000     2.046800
   -1.356000     2.024300
   -1.346000     2.002900
   -1.336000     1.982700
   -1.326000     1.962200
   -1.316000     1.941700
   -1.306000     1.921500
   -1.296000     1.902400
   -1.286000     1.883400
   -1.276000     1.865700
   -1.266000     1.848100
   -1.256000     1.830600
   -1.246000     1.812400
   -1.236000     1.794300
   -1.226000     1.778400
   -1.216000     1.762800
   -1.206000     1.746200
   -1.196000     1.730900
   -1.186000     1.713800
   -1.176000     1.700910
   -1.166000     1.685220
   -1.156000     1.671610
   -1.146000     1.656280
   -1.136000     1.643240
   -1.126000     1.629380
   -1.116000     1.616099
   -1.106000     1.602000
   -1.096000     1.591180
   -1.086000     1.577440
   -1.076000     1.565980
   -1.066000     1.552600
   -1.056000     1.541690
   -1.046000     1.528760
   -1.036000     1.518200
   -1.026000     1.506720
   -1.016000     1.495510
   -1.006000     1.484640
   -0.996000     1.472820
   -0.986000     1.462330
   -0.976000     1.453070
   -0.966000     1.442040
   -0.956000     1.432140
   -0.946000     1.421570
   -0.936000     1.413330
   -0.926000     1.404220
   -0.916000     1.393340
   -0.906000     1.385696
   -0.896000     1.377285
   -0.886000     1.367206
   -0.876000     1.360260
   -0.866000     1.351650
   -0.856000     1.343240
   -0.846000     1.337020
   -0.836000     1.330090
   -0.826000     1.323460
   -0.816000     1.317050
   -0.806000     1.310910
   -0.796000     1.305980
   -0.786000     1.300360
   -0.776000     1.295930
   -0.766000     1.291790
   -0.756000     1.288880
   -0.746000     1.286257
   -0.736000     1.283943
   -0.726000     1.282834
   -0.716000     1.281930
   -0.706000     1.282430
   -0.696000     1.282040
   -0.686000     1.283960
   -0.676000     1.287200
   -0.666000     1.290670
   -0.656000     1.292460
   -0.646000     1.298455
   -0.636000     1.304646
   -0.626000     1.312100
   -0.616000     1.319940
   -0.606000     1.330110
   -0.596000     1.340300
   -0.586000     1.351920
   -0.576000     1.363770
   -0.566000     1.377730
   -0.556000     1.394130
   -0.546000     1.409740
   -0.536000     1.427590
   -0.526000     1.446670
   -0.516000     1.465900
   -0.506000     1.488570
   -0.496000     1.511270
   -0.486000     1.536420
   -0.476000     1.560700
   -0.466000     1.589110
   -0.456000     1.617760
   -0.446000     1.648740
   -0.436000     1.678850
   -0.426000     1.711290
   -0.416000     1.746760
   -0.406000     1.781460
   -0.396000     1.819480
   -0.386000     1.856440
   -0.376000     1.896820
   -0.366000     1.937220
   -0.356000     1.979840
   -0.346000     2.023490
   -0.336000     2.068250
   -0.326000     2.114340
   -0.316000     2.161250
   -0.306000     2.209170
   -0.296000     2.258410
   -0.286000     2.308670
   -0.276000     2.361340
   -0.266000     2.412330
   -0.256000     2.466330
   -0.246000     2.519440
   -0.236000     2.572560
   -0.226000     2.629200
   -0.216000     2.684700
   -0.206000     2.740300
   -0.196000     2.796900
   -0.186000     2.854400
   -0.176000     2.913000
   -0.166000     2.968600
   -0.156000     3.026200
   -0.146000     3.083800
   -0.136000     3.141400
   -0.126000     3.200000
   -0.116000     3.256600
   -0.106000     3.315200
   -0.096000     3.369800
   -0.086000     3.426500
   -0.076000     3.482100
   -0.066000     3.537700
   -0.056000     3.588400
   -0.046000     3.647000
   -0.036000     3.694600
   -0.026000     3.751300
   -0.016000     3.798900
   -0.006000     3.845600
    0.004000     3.890200
    0.014000     3.943900
    0.024000     3.988500
    0.034000     4.029200
    0.044000     4.070800
    0.054000     4.111500
    0.064000     4.149200
    0.074000     4.186800
    0.084000     4.221500
    0.094000     4.259200
    0.104000     4.297900
    0.114000     4.316600
    0.124000     4.343300
    0.134000     4.371000
    0.144000     4.396700
    0.154000     4.412400
    0.164000     4.428200
    0.174000     4.453900
    0.184000     4.468700
    0.194000     4.472400
    0.204000     4.487200
    0.214000     4.490000
    0.224000     4.494800
    0.234000     4.506600
    0.244000     4.508400
    0.254000     4.509300
    0.264000     4.500100
    0.274000     4.500000
    0.284000     4.490900
    0.294000     4.480900
    0.304000     4.459800
    0.314000     4.446800
    0.324000     4.436800
    0.334000     4.423800
    0.344000     4.400800
    0.354000     4.378900
    0.364000     4.349900
    0.374000     4.330000
    0.384000     4.298200
    0.394000     4.266400
    0.404000     4.243500
    0.414000     4.208800
    0.424000     4.166000
    0.434000     4.130300
    0.444000     4.095600
    0.454000     4.064000
    0.464000     4.019400
    0.474000     3.981800
    0.484000     3.934200
    0.494000     3.895700
    0.504000     3.852200
    0.514000     3.808800
    0.524000     3.763400
    0.534000     3.718000
    0.544000     3.671700
    0.554000     3.623400
    0.564000     3.577100
    0.574000     3.528800
    0.584000     3.482600
    0.594000     3.435500
    0.604000     3.386400
    0.614000     3.337300
    0.624000     3.289200
    0.634000     3.242500
    0.644000     3.193700
    0.654000     3.145900
    0.664000     3.099000
    0.674000     3.051400
    0.684000     3.004800
    0.694000     2.959400
    0.704000     2.915400
    0.714000     2.869800
    0.724000     2.825400
    0.734000     2.783200
    0.744000     2.740200
    0.754000     2.698200
    0.764000     2.657500
    0.774000     2.617800
    0.784000     2.578500
    0.794000     2.540200
    0.804000     2.503100
    0.814000     2.467400
    0.824000     2.430700
    0.834000     2.398100
    0.844000     2.365800
    0.854000     2.332700
    0.864000     2.301900
    0.874000     2.272100
    0.884000     2.244700
    0.894000     2.215400
    0.904000     2.190200
    0.914000     2.164300
    0.924000     2.140600
    0.934000     2.118100
    0.944000     2.095900
    0.954000     2.075700
    0.964000     2.055700
    0.974000     2.038000
    0.984000     2.019500
    0.994000     2.003100
    1.004000     1.987900
    1.014000     1.972900
    1.024000     1.960000
    1.034000     1.947300
    1.044000     1.935800
    1.054000     1.925400
    1.064000     1.916200
    1.074000     1.907100
    1.084000     1.898200
    1.094000     1.891400
    1.104000     1.883900
    1.114000     1.878200
    1.124000     1.872900
    1.134000     1.867600
    1.144000     1.863400
    1.154000     1.859400
    1.164000     1.858400
    1.174000     1.855500
    1.184000     1.852700
    1.194000     1.852200
    1.204000     1.851500
    1.214000     1.849900
    1.224000     1.848600
    1.234000     1.849100
    1.244000     1.849900
    1.254000     1.850600
    1.264000     1.851400
    1.274000     1.851200
    1.284000     1.853100
    1.294000     1.854100
    1.304000     1.856000
    1.314000     1.857100
    1.324000     1.859100
    1.334000     1.860200
    1.344000     1.862300
    1.354000     1.863500
    1.364000     1.865600
    1.374000     1.865700
    1.384000     1.868900
    1.394000     1.870100
    1.404000     1.869300
    1.414000     1.871400
    1.424000     1.872800
    1.434000     1.873900
    1.444000     1.874100
    1.454000     1.874400
    1.464000     1.875700
    1.474000     1.876900
    1.484000     1.875200
    1.494000     1.874300
    1.504000     1.874700
    1.514000     1.872900
    1.524000     1.871300
    1.534000     1.871500
    1.544000     1.871700
    1.554000     1.868100
    1.564000     1.866300
    1.574000     1.863600
    1.584000     1.863000
    1.594000     1.860300
    1.604000     1.856600
    1.614000     1.853970
    1.624000     1.850300
    1.634000     1.847740
    1.644000     1.843070
    1.654000     1.837620
    1.664000     1.834960
    1.674000     1.830510
    1.684000     1.825070
    1.694000     1.821640
    1.704000     1.816210
    1.714000     1.811790
    1.724000     1.807480
    1.734000     1.801190
    1.744000     1.796000
    1.754000     1.789930
    1.764000     1.785780
    1.774000     1.779640
    1.784000     1.773610
    1.794000     1.766710
    1.804000     1.761920
    1.814000     1.757100
    1.824000     1.751300
    1.834000     1.745600
    1.844000     1.740100
    1.854000     1.733600
    1.864000     1.728200
    1.874000     1.722900
    1.884000     1.717600
    1.894000     1.711500
    1.904000     1.706500
    1.914000     1.702500
    1.924000     1.697700
    1.934000     1.692000
    1.944000     1.687400
    1.954000     1.682800
    1.964000     1.678500
    1.974000     1.674100
    1.984000     1.672100
    1.994000     1.668000
    2.004000     1.665700
    2.014000     1.661800
    2.024000     1.659100
    2.034000     1.657800
    2.044000     1.654400
    2.054000     1.654200
    2.064000     1.652400
    2.074000     1.650700
    2.084000     1.650000
    2.094000     1.649800
    2.104000     1.651600
    2.114000     1.651800
    2.124000     1.653000
    2.134000     1.653400
    2.144000     1.656100
    2.154000     1.658900
    2.164000     1.661100
    2.174000     1.664300
    2.184000     1.668700
    2.194000     1.672100
    2.204000     1.675900
    2.214000     1.683000
    2.224000     1.687100
    2.234000     1.693300
    2.244000     1.698900
    2.254000     1.705500
    2.264000     1.713200
    2.274000     1.720100
    2.284000     1.728100
    2.294000     1.736100
    2.304000     1.745300
    2.314000     1.754600
    2.324000     1.764000
    2.334000     1.773600
    2.344000     1.783300
    2.354000     1.794200
    2.364000     1.805100
    2.374000     1.816100
    2.384000     1.827300
    2.394000     1.839500
    2.404000     1.851800
    2.414000     1.862300
    2.424000     1.875700
    2.434000     1.888200
    2.444000     1.900900
    2.454000     1.913900
    2.464000     1.925800
    2.474000     1.939300
    2.484000     1.952900
    2.494000     1.966500
    2.504000     1.978200
    2.514000     1.989900
    2.524000     2.004700
    2.534000     2.016500
    2.544000     2.030000
    2.554000     2.043000
    2.564000     2.054000
    2.574000     2.067000
    2.584000     2.078000
    2.594000     2.090000
    2.604000     2.102000
    2.614000     2.113000
    2.624000     2.123000
    2.634000     2.135000
    2.644000     2.144000
    2.654000     2.153000
    2.664000     2.163000
    2.674000     2.171000
    2.684000     2.179000
    2.694000     2.187000
    2.704000     2.192000
    2.714000     2.200000
    2.724000     2.205000
    2.734000     2.210000
    2.744000     2.213000
    2.754000     2.218000
    2.764000     2.220000
    2.774000     2.223000
    2.784000     2.225000
    2.794000     2.224000
    2.804000     2.224000
    2.814000     2.225000
    2.824000     2.221000
    2.834000     2.217000
    2.844000     2.214000
    2.854000     2.208000
    2.864000     2.204000
    2.874000     2.198000
    2.884000     2.191000
    2.894000     2.182000
    2.904000     2.172000
    2.914000     2.163000
    2.924000     2.152000
    2.934000     2.141000
    2.944000     2.128000
    2.954000     2.114000
    2.964000     2.099000
    2.974000     2.083000
    2.984000     2.069000
    2.994000     2.051000
    3.004000     2.033000
    3.014000     2.013000
    3.024000     1.996000
    3.034000     1.973000
    3.044000     1.952000
    3.054000     1.930000
    3.064000     1.908000
    3.074000     1.885000
    3.084000     1.860600
    3.094000     1.834100
    3.104000     1.810700
    3.114000     1.784200
    3.124000     1.757700
    3.134000     1.729300
    3.144000     1.700800
    3.154000     1.673300
    3.164000     1.644900
    3.174000     1.616500
    3.184000     1.585000
    3.194000     1.555100
    3.204000     1.524500
    3.214000     1.493300
    3.224000     1.463200
    3.234000     1.431100
    3.244000     1.399000
    3.254000     1.366900
    3.264000     1.335900
    3.274000     1.301700
    3.284000     1.268800
    3.294000     1.237800
    3.304000     1.203900
    3.314000     1.172000
    3.324000     1.140200
    3.334000     1.105600
    3.344000     1.073800
    3.354000     1.041300
    3.364000     1.009800
    3.374000     0.977300
    3.384000     0.945200
    3.394000     0.913700
    3.404000     0.882000
    3.414000     0.851400
    3.424000     0.822800
    3.434000     0.791500
    3.444000     0.761100
    3.454000     0.731100
    3.464000     0.701800
    3.474000     0.672300
    3.484000     0.643900
    3.494000     0.616900
    3.504000     0.588100
    3.514000     0.560900
    3.524000     0.534800
    3.534000     0.508340
    3.544000     0.483590
    3.554000     0.458290
    3.564000     0.433330
    3.574000     0.409710
    3.584000     0.386740
    3.594000     0.363210
    3.604000     0.341120
    3.614000     0.320370
    3.624000     0.299260
    3.634000     0.278787
    3.644000     0.258952
    3.654000     0.239815
    3.664000     0.221420
    3.674000     0.203500
    3.684000     0.186180
    3.694000     0.169400
    3.704000     0.153340
    3.714000     0.138100
    3.724000     0.123060
    3.734000     0.108770
    3.744000     0.095109
    3.754000     0.082081
    3.764000     0.069524
    3.774000     0.057549
    3.784000     0.046034
    3.794000     0.035260
    3.804000     0.024960
    3.814000     0.015140
    3.824000     0.005860
    3.834000    -0.002850
    3.844000    -0.011100
    3.854000    -0.018890
    3.864000    -0.026199
    3.874000    -0.033030
    3.884000    -0.039450
    3.894000    -0.045350
    3.904000    -0.050955
    3.914000    -0.056050
    3.924000    -0.060720
    3.934000    -0.065110
    3.944000    -0.069110
    3.954000    -0.072660
    3.964000    -0.075820
    3.974000    -0.078890
    3.984000    -0.081400
    3.994000    -0.083810
    4.004000    -0.085750
    4.014000    -0.087430
    4.024000    -0.089060
    4.034000    -0.090210
    4.044000    -0.091100
    4.054000    -0.091850
    4.064000    -0.092440
    4.074000    -0.092780
    4.084000    -0.092880
    4.094000    -0.092930
    4.104000    -0.092560
    4.114000    -0.092140
    4.124000    -0.091680
    4.134000    -0.091000
    4.144000    -0.090080
    4.154000    -0.089250
    4.164000    -0.088290
    4.174000    -0.087100
    4.184000    -0.085900
    4.194000    -0.084580
    4.204000    -0.083140
    4.214000    -0.081700
    4.224000    -0.080130
    4.234000    -0.078570
    4.244000    -0.076980
    4.254000    -0.075310
    4.264000    -0.073520
    4.274000    -0.071720
    4.284000    -0.070040
    4.294000    -0.068400
    4.304000    -0.066620
    4.314000    -0.064720
    4.324000    -0.062940
    4.334000    -0.061190
    4.344000    -0.059350
    4.354000    -0.057610
    4.364000    -0.055760
    4.374000    -0.054070
    4.384000    -0.052260
    4.394000    -0.050570
    4.404000    -0.048810
    4.414000    -0.047180
    4.424000    -0.045460
    4.434000    -0.043850
    4.444000    -0.042290
    4.454000    -0.040640
    4.464000    -0.039130
    4.474000    -0.037620
    4.484000    -0.036150
    4.494000    -0.034700
    4.504000    -0.033328
    4.514000    -0.031989
    4.524000    -0.030631
    4.534000    -0.029356
    4.544000    -0.028103
    4.554000    -0.026891
    4.564000    -0.025722
    4.574000    -0.024574
    4.584000    -0.023458
    4.594000    -0.022383
    4.604000    -0.021370
    4.614000    -0.020362
    4.624000    -0.019393
    4.634000    -0.018477
    4.644000    -0.017586
    4.654000    -0.016729
    4.664000    -0.015898
    4.674000    -0.015093
    4.684000    -0.014352
    4.694000    -0.013626
    4.704000    -0.012905
    4.714000    -0.012248
    4.724000    -0.011605
    4.734000    -0.010996
    4.744000    -0.010412
    4.754000    -0.009841
    4.764000    -0.009294
    4.774000    -0.008779
    4.784000    -0.008301
    4.794000    -0.007831
    4.804000    -0.007399
    4.814000    -0.006963
    4.824000    -0.006565
    4.834000    -0.006187
    4.844000    -0.005829
    4.854000    -0.005487
    4.864000    -0.005159
    4.874000    -0.004843
    4.884000    -0.004558
    4.894000    -0.004276
    4.904000    -0.004011
    4.914000    -0.003769
    4.924000    -0.003535
    4.934000    -0.003310
    4.944000    -0.003100
    4.954000    -0.002903
    4.964000    -0.002719
    4.974000    -0.002541
    4.984000    -0.002377
    4.994000    -0.002219
    5.004000    -0.002074
    5.014000    -0.001937
    5.024000    -0.001807
    5.034000    -0.001685
    5.044000    -0.001570
    5.054000    -0.001463
    5.064000    -0.001363
    5.074000    -0.001269
    5.084000    -0.001179
    5.094000    -0.001098
    5.104000    -0.001019
    5.114000    -0.000947
    5.124000    -0.000880
    5.134000    -0.000818
    5.144000    -0.000757
    5.154000    -0.000703
    5.164000    -0.000651
    5.174000    -0.000603
    5.184000    -0.000558
    5.194000    -0.000516
    5.204000    -0.000478
    5.214000    -0.000442
    5.224000    -0.000408
    5.234000    -0.000377
    5.244000    -0.000348
    5.254000    -0.000321
    5.264000    -0.000296
    5.274000    -0.000273
    5.284000    -0.000252
    5.294000    -0.000232
