# Energy    Summed_PDOS
  -27.116000    -0.000003
  -27.106000    -0.000003
  -27.096000    -0.000003
  -27.086000    -0.000004
  -27.076000    -0.000004
  -27.066000    -0.000004
  -27.056000    -0.000005
  -27.046000    -0.000005
  -27.036000    -0.000005
  -27.026000    -0.000006
  -27.016000    -0.000006
  -27.006000    -0.000007
  -26.996000    -0.000007
  -26.986000    -0.000008
  -26.976000    -0.000008
  -26.966000    -0.000009
  -26.956000    -0.000009
  -26.946000    -0.000010
  -26.936000    -0.000011
  -26.926000    -0.000011
  -26.916000    -0.000012
  -26.906000    -0.000013
  -26.896000    -0.000014
  -26.886000    -0.000015
  -26.876000    -0.000016
  -26.866000    -0.000017
  -26.856000    -0.000018
  -26.846000    -0.000019
  -26.836000    -0.000020
  -26.826000    -0.000022
  -26.816000    -0.000023
  -26.806000    -0.000024
  -26.796000    -0.000026
  -26.786000    -0.000028
  -26.776000    -0.000029
  -26.766000    -0.000031
  -26.756000    -0.000033
  -26.746000    -0.000035
  -26.736000    -0.000037
  -26.726000    -0.000039
  -26.716000    -0.000041
  -26.706000    -0.000043
  -26.696000    -0.000046
  -26.686000    -0.000048
  -26.676000    -0.000051
  -26.666000    -0.000053
  -26.656000    -0.000056
  -26.646000    -0.000059
  -26.636000    -0.000062
  -26.626000    -0.000065
  -26.616000    -0.000068
  -26.606000    -0.000072
  -26.596000    -0.000075
  -26.586000    -0.000079
  -26.576000    -0.000082
  -26.566000    -0.000086
  -26.556000    -0.000090
  -26.546000    -0.000094
  -26.536000    -0.000098
  -26.526000    -0.000103
  -26.516000    -0.000107
  -26.506000    -0.000111
  -26.496000    -0.000116
  -26.486000    -0.000121
  -26.476000    -0.000126
  -26.466000    -0.000130
  -26.456000    -0.000135
  -26.446000    -0.000140
  -26.436000    -0.000145
  -26.426000    -0.000151
  -26.416000    -0.000156
  -26.406000    -0.000161
  -26.396000    -0.000166
  -26.386000    -0.000172
  -26.376000    -0.000177
  -26.366000    -0.000182
  -26.356000    -0.000188
  -26.346000    -0.000193
  -26.336000    -0.000198
  -26.326000    -0.000203
  -26.316000    -0.000208
  -26.306000    -0.000214
  -26.296000    -0.000218
  -26.286000    -0.000223
  -26.276000    -0.000228
  -26.266000    -0.000232
  -26.256000    -0.000237
  -26.246000    -0.000241
  -26.236000    -0.000244
  -26.226000    -0.000247
  -26.216000    -0.000251
  -26.206000    -0.000253
  -26.196000    -0.000255
  -26.186000    -0.000257
  -26.176000    -0.000259
  -26.166000    -0.000261
  -26.156000    -0.000261
  -26.146000    -0.000261
  -26.136000    -0.000261
  -26.126000    -0.000259
  -26.116000    -0.000257
  -26.106000    -0.000255
  -26.096000    -0.000252
  -26.086000    -0.000247
  -26.076000    -0.000243
  -26.066000    -0.000237
  -26.056000    -0.000230
  -26.046000    -0.000222
  -26.036000    -0.000214
  -26.026000    -0.000205
  -26.016000    -0.000194
  -26.006000    -0.000182
  -25.996000    -0.000169
  -25.986000    -0.000155
  -25.976000    -0.000140
  -25.966000    -0.000123
  -25.956000    -0.000105
  -25.946000    -0.000086
  -25.936000    -0.000065
  -25.926000    -0.000043
  -25.916000    -0.000019
  -25.906000     0.000006
  -25.896000     0.000033
  -25.886000     0.000061
  -25.876000     0.000091
  -25.866000     0.000122
  -25.856000     0.000155
  -25.846000     0.000190
  -25.836000     0.000227
  -25.826000     0.000266
  -25.816000     0.000304
  -25.806000     0.000346
  -25.796000     0.000390
  -25.786000     0.000436
  -25.776000     0.000482
  -25.766000     0.000531
  -25.756000     0.000582
  -25.746000     0.000634
  -25.736000     0.000687
  -25.726000     0.000744
  -25.716000     0.000803
  -25.706000     0.000861
  -25.696000     0.000922
  -25.686000     0.000985
  -25.676000     0.001049
  -25.666000     0.001115
  -25.656000     0.001183
  -25.646000     0.001251
  -25.636000     0.001321
  -25.626000     0.001393
  -25.616000     0.001467
  -25.606000     0.001542
  -25.596000     0.001617
  -25.586000     0.001693
  -25.576000     0.001772
  -25.566000     0.001850
  -25.556000     0.001930
  -25.546000     0.002011
  -25.536000     0.002095
  -25.526000     0.002178
  -25.516000     0.002259
  -25.506000     0.002345
  -25.496000     0.002421
  -25.486000     0.002506
  -25.476000     0.002592
  -25.466000     0.002678
  -25.456000     0.002754
  -25.446000     0.002840
  -25.436000     0.002926
  -25.426000     0.003002
  -25.416000     0.003088
  -25.406000     0.003173
  -25.396000     0.003249
  -25.386000     0.003335
  -25.376000     0.003410
  -25.366000     0.003495
  -25.356000     0.003562
  -25.346000     0.003647
  -25.336000     0.003712
  -25.326000     0.003787
  -25.316000     0.003851
  -25.306000     0.003926
  -25.296000     0.003991
  -25.286000     0.004056
  -25.276000     0.004120
  -25.266000     0.004174
  -25.256000     0.004238
  -25.246000     0.004282
  -25.236000     0.004345
  -25.226000     0.004390
  -25.216000     0.004442
  -25.206000     0.004485
  -25.196000     0.004529
  -25.186000     0.004562
  -25.176000     0.004594
  -25.166000     0.004626
  -25.156000     0.004658
  -25.146000     0.004690
  -25.136000     0.004711
  -25.126000     0.004733
  -25.116000     0.004734
  -25.106000     0.004754
  -25.096000     0.004756
  -25.086000     0.004776
  -25.076000     0.004776
  -25.066000     0.004776
  -25.056000     0.004756
  -25.046000     0.004755
  -25.036000     0.004734
  -25.026000     0.004733
  -25.016000     0.004712
  -25.006000     0.004691
  -24.996000     0.004669
  -24.986000     0.004637
  -24.976000     0.004604
  -24.966000     0.004572
  -24.956000     0.004529
  -24.946000     0.004487
  -24.936000     0.004443
  -24.926000     0.004400
  -24.916000     0.004347
  -24.906000     0.004303
  -24.896000     0.004239
  -24.886000     0.004185
  -24.876000     0.004131
  -24.866000     0.004066
  -24.856000     0.004002
  -24.846000     0.003937
  -24.836000     0.003873
  -24.826000     0.003808
  -24.816000     0.003722
  -24.806000     0.003647
  -24.796000     0.003582
  -24.786000     0.003497
  -24.776000     0.003422
  -24.766000     0.003346
  -24.756000     0.003270
  -24.746000     0.003184
  -24.736000     0.003109
  -24.726000     0.003023
  -24.716000     0.002937
  -24.706000     0.002861
  -24.696000     0.002775
  -24.686000     0.002690
  -24.676000     0.002613
  -24.666000     0.002518
  -24.656000     0.002432
  -24.646000     0.002346
  -24.636000     0.002270
  -24.626000     0.002185
  -24.616000     0.002102
  -24.606000     0.002025
  -24.596000     0.001943
  -24.586000     0.001864
  -24.576000     0.001785
  -24.566000     0.001706
  -24.556000     0.001630
  -24.546000     0.001554
  -24.536000     0.001479
  -24.526000     0.001406
  -24.516000     0.001334
  -24.506000     0.001264
  -24.496000     0.001194
  -24.486000     0.001126
  -24.476000     0.001060
  -24.466000     0.000996
  -24.456000     0.000933
  -24.446000     0.000871
  -24.436000     0.000812
  -24.426000     0.000754
  -24.416000     0.000698
  -24.406000     0.000643
  -24.396000     0.000591
  -24.386000     0.000540
  -24.376000     0.000491
  -24.366000     0.000443
  -24.356000     0.000398
  -24.346000     0.000354
  -24.336000     0.000312
  -24.326000     0.000272
  -24.316000     0.000232
  -24.306000     0.000196
  -24.296000     0.000161
  -24.286000     0.000128
  -24.276000     0.000096
  -24.266000     0.000066
  -24.256000     0.000037
  -24.246000     0.000010
  -24.236000    -0.000015
  -24.226000    -0.000039
  -24.216000    -0.000061
  -24.206000    -0.000082
  -24.196000    -0.000102
  -24.186000    -0.000120
  -24.176000    -0.000137
  -24.166000    -0.000152
  -24.156000    -0.000167
  -24.146000    -0.000180
  -24.136000    -0.000192
  -24.126000    -0.000203
  -24.116000    -0.000212
  -24.106000    -0.000221
  -24.096000    -0.000229
  -24.086000    -0.000237
  -24.076000    -0.000241
  -24.066000    -0.000246
  -24.056000    -0.000251
  -24.046000    -0.000255
  -24.036000    -0.000257
  -24.026000    -0.000259
  -24.016000    -0.000259
  -24.006000    -0.000261
  -23.996000    -0.000261
  -23.986000    -0.000261
  -23.976000    -0.000259
  -23.966000    -0.000257
  -23.956000    -0.000256
  -23.946000    -0.000254
  -23.936000    -0.000251
  -23.926000    -0.000248
  -23.916000    -0.000245
  -23.906000    -0.000241
  -23.896000    -0.000237
  -23.886000    -0.000232
  -23.876000    -0.000228
  -23.866000    -0.000224
  -23.856000    -0.000220
  -23.846000    -0.000214
  -23.836000    -0.000210
  -23.826000    -0.000204
  -23.816000    -0.000199
  -23.806000    -0.000194
  -23.796000    -0.000189
  -23.786000    -0.000183
  -23.776000    -0.000178
  -23.766000    -0.000173
  -23.756000    -0.000167
  -23.746000    -0.000162
  -23.736000    -0.000157
  -23.726000    -0.000151
  -23.716000    -0.000146
  -23.706000    -0.000141
  -23.696000    -0.000136
  -23.686000    -0.000131
  -23.676000    -0.000126
  -23.666000    -0.000121
  -23.656000    -0.000117
  -23.646000    -0.000112
  -23.636000    -0.000108
  -23.626000    -0.000103
  -23.616000    -0.000099
  -23.606000    -0.000095
  -23.596000    -0.000091
  -23.586000    -0.000087
  -23.576000    -0.000083
  -23.566000    -0.000079
  -23.556000    -0.000076
  -23.546000    -0.000072
  -23.536000    -0.000069
  -23.526000    -0.000066
  -23.516000    -0.000062
  -23.506000    -0.000059
  -23.496000    -0.000056
  -23.486000    -0.000054
  -23.476000    -0.000051
  -23.466000    -0.000048
  -23.456000    -0.000046
  -23.446000    -0.000043
  -23.436000    -0.000041
  -23.426000    -0.000039
  -23.416000    -0.000037
  -23.406000    -0.000035
  -23.396000    -0.000033
  -23.386000    -0.000031
  -23.376000    -0.000029
  -23.366000    -0.000028
  -23.356000    -0.000026
  -23.346000    -0.000025
  -23.336000    -0.000023
  -23.326000    -0.000022
  -23.316000    -0.000021
  -23.306000    -0.000019
  -23.296000    -0.000018
  -23.286000    -0.000017
  -23.276000    -0.000016
  -23.266000    -0.000015
  -23.256000    -0.000014
  -23.246000    -0.000013
  -23.236000    -0.000012
  -23.226000    -0.000012
  -23.216000    -0.000011
  -23.206000    -0.000010
  -23.196000    -0.000009
  -23.186000    -0.000009
  -23.176000    -0.000008
  -23.166000    -0.000008
  -23.156000    -0.000007
  -23.146000    -0.000007
  -23.136000    -0.000006
  -23.126000    -0.000006
  -23.116000    -0.000005
  -23.106000    -0.000005
  -23.096000    -0.000005
  -23.086000    -0.000004
  -23.076000    -0.000004
  -23.066000    -0.000004
  -23.056000    -0.000003
  -23.046000    -0.000003
  -23.036000    -0.000003
  -23.026000    -0.000003
  -23.016000    -0.000003
  -23.006000    -0.000002
  -22.996000    -0.000002
  -22.986000    -0.000002
  -22.976000    -0.000002
  -22.966000    -0.000002
  -22.956000    -0.000002
  -22.946000    -0.000001
  -22.936000    -0.000001
  -22.926000    -0.000001
  -22.916000    -0.000001
  -22.906000    -0.000001
  -22.896000    -0.000001
  -22.886000    -0.000001
  -22.876000    -0.000001
  -22.866000    -0.000001
  -22.856000    -0.000001
  -22.846000    -0.000001
  -22.836000    -0.000001
  -22.826000    -0.000001
  -22.816000    -0.000001
  -22.806000    -0.000000
  -22.796000    -0.000000
  -22.786000    -0.000000
  -22.776000    -0.000000
  -22.766000    -0.000000
  -22.756000    -0.000000
  -22.746000    -0.000000
  -22.736000    -0.000000
  -22.726000    -0.000000
  -22.716000    -0.000000
  -22.706000    -0.000000
  -22.696000    -0.000000
  -22.686000    -0.000000
  -22.676000    -0.000000
  -22.666000    -0.000000
  -22.656000    -0.000000
  -22.646000    -0.000000
  -22.636000    -0.000000
  -22.626000    -0.000000
  -22.616000    -0.000000
  -22.606000    -0.000000
  -22.596000    -0.000000
  -22.586000    -0.000000
  -22.576000    -0.000000
  -22.566000    -0.000000
  -22.556000    -0.000000
  -22.546000    -0.000000
  -22.536000    -0.000000
  -22.526000    -0.000000
  -22.516000    -0.000000
  -22.506000    -0.000000
  -22.496000    -0.000000
  -22.486000    -0.000000
  -22.476000    -0.000000
  -22.466000    -0.000000
  -22.456000    -0.000000
  -22.446000    -0.000000
  -22.436000    -0.000000
  -22.426000    -0.000000
  -22.416000    -0.000000
  -22.406000    -0.000000
  -22.396000    -0.000000
  -22.386000    -0.000000
  -22.376000    -0.000000
  -22.366000    -0.000000
  -22.356000    -0.000001
  -22.346000    -0.000001
  -22.336000    -0.000001
  -22.326000    -0.000001
  -22.316000    -0.000001
  -22.306000    -0.000001
  -22.296000    -0.000001
  -22.286000    -0.000001
  -22.276000    -0.000001
  -22.266000    -0.000001
  -22.256000    -0.000001
  -22.246000    -0.000001
  -22.236000    -0.000001
  -22.226000    -0.000001
  -22.216000    -0.000001
  -22.206000    -0.000002
  -22.196000    -0.000002
  -22.186000    -0.000002
  -22.176000    -0.000002
  -22.166000    -0.000002
  -22.156000    -0.000002
  -22.146000    -0.000002
  -22.136000    -0.000003
  -22.126000    -0.000003
  -22.116000    -0.000003
  -22.106000    -0.000003
  -22.096000    -0.000003
  -22.086000    -0.000004
  -22.076000    -0.000004
  -22.066000    -0.000004
  -22.056000    -0.000004
  -22.046000    -0.000005
  -22.036000    -0.000005
  -22.026000    -0.000005
  -22.016000    -0.000005
  -22.006000    -0.000006
  -21.996000    -0.000006
  -21.986000    -0.000007
  -21.976000    -0.000007
  -21.966000    -0.000007
  -21.956000    -0.000008
  -21.946000    -0.000008
  -21.936000    -0.000009
  -21.926000    -0.000009
  -21.916000    -0.000010
  -21.906000    -0.000010
  -21.896000    -0.000011
  -21.886000    -0.000011
  -21.876000    -0.000012
  -21.866000    -0.000013
  -21.856000    -0.000013
  -21.846000    -0.000014
  -21.836000    -0.000015
  -21.826000    -0.000015
  -21.816000    -0.000016
  -21.806000    -0.000017
  -21.796000    -0.000018
  -21.786000    -0.000018
  -21.776000    -0.000019
  -21.766000    -0.000020
  -21.756000    -0.000021
  -21.746000    -0.000022
  -21.736000    -0.000023
  -21.726000    -0.000024
  -21.716000    -0.000025
  -21.706000    -0.000026
  -21.696000    -0.000027
  -21.686000    -0.000028
  -21.676000    -0.000029
  -21.666000    -0.000030
  -21.656000    -0.000031
  -21.646000    -0.000032
  -21.636000    -0.000034
  -21.626000    -0.000035
  -21.616000    -0.000036
  -21.606000    -0.000037
  -21.596000    -0.000038
  -21.586000    -0.000040
  -21.576000    -0.000041
  -21.566000    -0.000042
  -21.556000    -0.000043
  -21.546000    -0.000044
  -21.536000    -0.000045
  -21.526000    -0.000046
  -21.516000    -0.000048
  -21.506000    -0.000049
  -21.496000    -0.000050
  -21.486000    -0.000051
  -21.476000    -0.000052
  -21.466000    -0.000053
  -21.456000    -0.000053
  -21.446000    -0.000054
  -21.436000    -0.000055
  -21.426000    -0.000056
  -21.416000    -0.000056
  -21.406000    -0.000057
  -21.396000    -0.000057
  -21.386000    -0.000057
  -21.376000    -0.000058
  -21.366000    -0.000058
  -21.356000    -0.000058
  -21.346000    -0.000057
  -21.336000    -0.000057
  -21.326000    -0.000057
  -21.316000    -0.000056
  -21.306000    -0.000055
  -21.296000    -0.000055
  -21.286000    -0.000053
  -21.276000    -0.000052
  -21.266000    -0.000051
  -21.256000    -0.000049
  -21.246000    -0.000047
  -21.236000    -0.000045
  -21.226000    -0.000042
  -21.216000    -0.000040
  -21.206000    -0.000037
  -21.196000    -0.000033
  -21.186000    -0.000030
  -21.176000    -0.000026
  -21.166000    -0.000022
  -21.156000    -0.000018
  -21.146000    -0.000013
  -21.136000    -0.000008
  -21.126000    -0.000003
  -21.116000     0.000003
  -21.106000     0.000009
  -21.096000     0.000015
  -21.086000     0.000022
  -21.076000     0.000029
  -21.066000     0.000036
  -21.056000     0.000044
  -21.046000     0.000052
  -21.036000     0.000061
  -21.026000     0.000070
  -21.016000     0.000079
  -21.006000     0.000089
  -20.996000     0.000099
  -20.986000     0.000109
  -20.976000     0.000120
  -20.966000     0.000131
  -20.956000     0.000143
  -20.946000     0.000155
  -20.936000     0.000167
  -20.926000     0.000180
  -20.916000     0.000193
  -20.906000     0.000207
  -20.896000     0.000221
  -20.886000     0.000235
  -20.876000     0.000249
  -20.866000     0.000264
  -20.856000     0.000280
  -20.846000     0.000295
  -20.836000     0.000311
  -20.826000     0.000327
  -20.816000     0.000343
  -20.806000     0.000360
  -20.796000     0.000377
  -20.786000     0.000394
  -20.776000     0.000411
  -20.766000     0.000429
  -20.756000     0.000447
  -20.746000     0.000464
  -20.736000     0.000483
  -20.726000     0.000500
  -20.716000     0.000519
  -20.706000     0.000537
  -20.696000     0.000556
  -20.686000     0.000573
  -20.676000     0.000592
  -20.666000     0.000610
  -20.656000     0.000629
  -20.646000     0.000646
  -20.636000     0.000664
  -20.626000     0.000683
  -20.616000     0.000700
  -20.606000     0.000717
  -20.596000     0.000734
  -20.586000     0.000752
  -20.576000     0.000769
  -20.566000     0.000785
  -20.556000     0.000801
  -20.546000     0.000816
  -20.536000     0.000832
  -20.526000     0.000847
  -20.516000     0.000861
  -20.506000     0.000875
  -20.496000     0.000889
  -20.486000     0.000902
  -20.476000     0.000915
  -20.466000     0.000927
  -20.456000     0.000938
  -20.446000     0.000949
  -20.436000     0.000959
  -20.426000     0.000969
  -20.416000     0.000977
  -20.406000     0.000986
  -20.396000     0.000994
  -20.386000     0.001000
  -20.376000     0.001007
  -20.366000     0.001011
  -20.356000     0.001017
  -20.346000     0.001020
  -20.336000     0.001024
  -20.326000     0.001027
  -20.316000     0.001028
  -20.306000     0.001029
  -20.296000     0.001029
  -20.286000     0.001029
  -20.276000     0.001027
  -20.266000     0.001025
  -20.256000     0.001022
  -20.246000     0.001019
  -20.236000     0.001015
  -20.226000     0.001010
  -20.216000     0.001005
  -20.206000     0.000998
  -20.196000     0.000991
  -20.186000     0.000983
  -20.176000     0.000974
  -20.166000     0.000965
  -20.156000     0.000956
  -20.146000     0.000946
  -20.136000     0.000935
  -20.126000     0.000923
  -20.116000     0.000912
  -20.106000     0.000899
  -20.096000     0.000887
  -20.086000     0.000873
  -20.076000     0.000859
  -20.066000     0.000845
  -20.056000     0.000830
  -20.046000     0.000815
  -20.036000     0.000800
  -20.026000     0.000784
  -20.016000     0.000768
  -20.006000     0.000753
  -19.996000     0.000737
  -19.986000     0.000720
  -19.976000     0.000703
  -19.966000     0.000688
  -19.956000     0.000671
  -19.946000     0.000654
  -19.936000     0.000637
  -19.926000     0.000621
  -19.916000     0.000605
  -19.906000     0.000589
  -19.896000     0.000572
  -19.886000     0.000556
  -19.876000     0.000540
  -19.866000     0.000524
  -19.856000     0.000509
  -19.846000     0.000494
  -19.836000     0.000479
  -19.826000     0.000464
  -19.816000     0.000451
  -19.806000     0.000437
  -19.796000     0.000424
  -19.786000     0.000411
  -19.776000     0.000398
  -19.766000     0.000386
  -19.756000     0.000375
  -19.746000     0.000365
  -19.736000     0.000354
  -19.726000     0.000344
  -19.716000     0.000335
  -19.706000     0.000326
  -19.696000     0.000318
  -19.686000     0.000310
  -19.676000     0.000304
  -19.666000     0.000297
  -19.656000     0.000291
  -19.646000     0.000286
  -19.636000     0.000281
  -19.626000     0.000278
  -19.616000     0.000274
  -19.606000     0.000271
  -19.596000     0.000270
  -19.586000     0.000268
  -19.576000     0.000268
  -19.566000     0.000268
  -19.556000     0.000267
  -19.546000     0.000269
  -19.536000     0.000270
  -19.526000     0.000272
  -19.516000     0.000275
  -19.506000     0.000278
  -19.496000     0.000282
  -19.486000     0.000286
  -19.476000     0.000290
  -19.466000     0.000295
  -19.456000     0.000300
  -19.446000     0.000307
  -19.436000     0.000313
  -19.426000     0.000319
  -19.416000     0.000326
  -19.406000     0.000334
  -19.396000     0.000341
  -19.386000     0.000350
  -19.376000     0.000357
  -19.366000     0.000366
  -19.356000     0.000374
  -19.346000     0.000383
  -19.336000     0.000392
  -19.326000     0.000401
  -19.316000     0.000410
  -19.306000     0.000420
  -19.296000     0.000428
  -19.286000     0.000437
  -19.276000     0.000447
  -19.266000     0.000457
  -19.256000     0.000465
  -19.246000     0.000475
  -19.236000     0.000484
  -19.226000     0.000494
  -19.216000     0.000501
  -19.206000     0.000511
  -19.196000     0.000520
  -19.186000     0.000527
  -19.176000     0.000536
  -19.166000     0.000542
  -19.156000     0.000551
  -19.146000     0.000557
  -19.136000     0.000563
  -19.126000     0.000571
  -19.116000     0.000577
  -19.106000     0.000582
  -19.096000     0.000588
  -19.086000     0.000593
  -19.076000     0.000598
  -19.066000     0.000601
  -19.056000     0.000605
  -19.046000     0.000609
  -19.036000     0.000611
  -19.026000     0.000613
  -19.016000     0.000616
  -19.006000     0.000617
  -18.996000     0.000618
  -18.986000     0.000618
  -18.976000     0.000618
  -18.966000     0.000618
  -18.956000     0.000617
  -18.946000     0.000615
  -18.936000     0.000614
  -18.926000     0.000611
  -18.916000     0.000609
  -18.906000     0.000605
  -18.896000     0.000602
  -18.886000     0.000597
  -18.876000     0.000592
  -18.866000     0.000587
  -18.856000     0.000582
  -18.846000     0.000575
  -18.836000     0.000569
  -18.826000     0.000563
  -18.816000     0.000555
  -18.806000     0.000548
  -18.796000     0.000540
  -18.786000     0.000532
  -18.776000     0.000524
  -18.766000     0.000515
  -18.756000     0.000505
  -18.746000     0.000496
  -18.736000     0.000486
  -18.726000     0.000476
  -18.716000     0.000466
  -18.706000     0.000455
  -18.696000     0.000445
  -18.686000     0.000434
  -18.676000     0.000423
  -18.666000     0.000411
  -18.656000     0.000401
  -18.646000     0.000390
  -18.636000     0.000379
  -18.626000     0.000366
  -18.616000     0.000355
  -18.606000     0.000342
  -18.596000     0.000330
  -18.586000     0.000319
  -18.576000     0.000307
  -18.566000     0.000295
  -18.556000     0.000283
  -18.546000     0.000272
  -18.536000     0.000260
  -18.526000     0.000248
  -18.516000     0.000236
  -18.506000     0.000225
  -18.496000     0.000213
  -18.486000     0.000201
  -18.476000     0.000190
  -18.466000     0.000179
  -18.456000     0.000168
  -18.446000     0.000157
  -18.436000     0.000146
  -18.426000     0.000135
  -18.416000     0.000124
  -18.406000     0.000114
  -18.396000     0.000104
  -18.386000     0.000094
  -18.376000     0.000084
  -18.366000     0.000074
  -18.356000     0.000064
  -18.346000     0.000055
  -18.336000     0.000046
  -18.326000     0.000037
  -18.316000     0.000028
  -18.306000     0.000019
  -18.296000     0.000011
  -18.286000     0.000002
  -18.276000    -0.000006
  -18.266000    -0.000014
  -18.256000    -0.000021
  -18.246000    -0.000029
  -18.236000    -0.000036
  -18.226000    -0.000043
  -18.216000    -0.000050
  -18.206000    -0.000057
  -18.196000    -0.000063
  -18.186000    -0.000069
  -18.176000    -0.000075
  -18.166000    -0.000081
  -18.156000    -0.000086
  -18.146000    -0.000092
  -18.136000    -0.000097
  -18.126000    -0.000102
  -18.116000    -0.000107
  -18.106000    -0.000111
  -18.096000    -0.000115
  -18.086000    -0.000119
  -18.076000    -0.000123
  -18.066000    -0.000127
  -18.056000    -0.000130
  -18.046000    -0.000133
  -18.036000    -0.000136
  -18.026000    -0.000138
  -18.016000    -0.000141
  -18.006000    -0.000143
  -17.996000    -0.000145
  -17.986000    -0.000146
  -17.976000    -0.000147
  -17.966000    -0.000148
  -17.956000    -0.000149
  -17.946000    -0.000149
  -17.936000    -0.000149
  -17.926000    -0.000148
  -17.916000    -0.000147
  -17.906000    -0.000146
  -17.896000    -0.000144
  -17.886000    -0.000143
  -17.876000    -0.000140
  -17.866000    -0.000137
  -17.856000    -0.000134
  -17.846000    -0.000131
  -17.836000    -0.000126
  -17.826000    -0.000122
  -17.816000    -0.000117
  -17.806000    -0.000111
  -17.796000    -0.000105
  -17.786000    -0.000098
  -17.776000    -0.000091
  -17.766000    -0.000083
  -17.756000    -0.000075
  -17.746000    -0.000066
  -17.736000    -0.000056
  -17.726000    -0.000046
  -17.716000    -0.000035
  -17.706000    -0.000024
  -17.696000    -0.000011
  -17.686000     0.000001
  -17.676000     0.000015
  -17.666000     0.000029
  -17.656000     0.000044
  -17.646000     0.000060
  -17.636000     0.000076
  -17.626000     0.000093
  -17.616000     0.000111
  -17.606000     0.000130
  -17.596000     0.000149
  -17.586000     0.000169
  -17.576000     0.000190
  -17.566000     0.000211
  -17.556000     0.000234
  -17.546000     0.000256
  -17.536000     0.000280
  -17.526000     0.000304
  -17.516000     0.000331
  -17.506000     0.000356
  -17.496000     0.000383
  -17.486000     0.000410
  -17.476000     0.000437
  -17.466000     0.000466
  -17.456000     0.000496
  -17.446000     0.000526
  -17.436000     0.000557
  -17.426000     0.000589
  -17.416000     0.000619
  -17.406000     0.000653
  -17.396000     0.000685
  -17.386000     0.000718
  -17.376000     0.000752
  -17.366000     0.000787
  -17.356000     0.000821
  -17.346000     0.000856
  -17.336000     0.000891
  -17.326000     0.000926
  -17.316000     0.000962
  -17.306000     0.000998
  -17.296000     0.001034
  -17.286000     0.001070
  -17.276000     0.001107
  -17.266000     0.001143
  -17.256000     0.001179
  -17.246000     0.001215
  -17.236000     0.001250
  -17.226000     0.001287
  -17.216000     0.001322
  -17.206000     0.001357
  -17.196000     0.001392
  -17.186000     0.001426
  -17.176000     0.001461
  -17.166000     0.001495
  -17.156000     0.001528
  -17.146000     0.001562
  -17.136000     0.001593
  -17.126000     0.001624
  -17.116000     0.001656
  -17.106000     0.001684
  -17.096000     0.001714
  -17.086000     0.001740
  -17.076000     0.001768
  -17.066000     0.001794
  -17.056000     0.001819
  -17.046000     0.001844
  -17.036000     0.001866
  -17.026000     0.001888
  -17.016000     0.001907
  -17.006000     0.001928
  -16.996000     0.001946
  -16.986000     0.001964
  -16.976000     0.001980
  -16.966000     0.001993
  -16.956000     0.002006
  -16.946000     0.002018
  -16.936000     0.002028
  -16.926000     0.002037
  -16.916000     0.002044
  -16.906000     0.002051
  -16.896000     0.002054
  -16.886000     0.002059
  -16.876000     0.002059
  -16.866000     0.002059
  -16.856000     0.002058
  -16.846000     0.002056
  -16.836000     0.002051
  -16.826000     0.002046
  -16.816000     0.002040
  -16.806000     0.002032
  -16.796000     0.002021
  -16.786000     0.002010
  -16.776000     0.001997
  -16.766000     0.001983
  -16.756000     0.001969
  -16.746000     0.001953
  -16.736000     0.001935
  -16.726000     0.001918
  -16.716000     0.001896
  -16.706000     0.001875
  -16.696000     0.001854
  -16.686000     0.001831
  -16.676000     0.001807
  -16.666000     0.001780
  -16.656000     0.001755
  -16.646000     0.001728
  -16.636000     0.001701
  -16.626000     0.001671
  -16.616000     0.001644
  -16.606000     0.001612
  -16.596000     0.001583
  -16.586000     0.001551
  -16.576000     0.001519
  -16.566000     0.001487
  -16.556000     0.001454
  -16.546000     0.001422
  -16.536000     0.001388
  -16.526000     0.001355
  -16.516000     0.001321
  -16.506000     0.001286
  -16.496000     0.001252
  -16.486000     0.001218
  -16.476000     0.001183
  -16.466000     0.001150
  -16.456000     0.001115
  -16.446000     0.001081
  -16.436000     0.001047
  -16.426000     0.001013
  -16.416000     0.000979
  -16.406000     0.000946
  -16.396000     0.000912
  -16.386000     0.000880
  -16.376000     0.000847
  -16.366000     0.000815
  -16.356000     0.000784
  -16.346000     0.000752
  -16.336000     0.000722
  -16.326000     0.000691
  -16.316000     0.000661
  -16.306000     0.000632
  -16.296000     0.000604
  -16.286000     0.000576
  -16.276000     0.000549
  -16.266000     0.000522
  -16.256000     0.000495
  -16.246000     0.000471
  -16.236000     0.000445
  -16.226000     0.000421
  -16.216000     0.000397
  -16.206000     0.000375
  -16.196000     0.000353
  -16.186000     0.000332
  -16.176000     0.000311
  -16.166000     0.000291
  -16.156000     0.000272
  -16.146000     0.000253
  -16.136000     0.000235
  -16.126000     0.000218
  -16.116000     0.000201
  -16.106000     0.000186
  -16.096000     0.000170
  -16.086000     0.000156
  -16.076000     0.000142
  -16.066000     0.000129
  -16.056000     0.000116
  -16.046000     0.000104
  -16.036000     0.000093
  -16.026000     0.000082
  -16.016000     0.000071
  -16.006000     0.000062
  -15.996000     0.000053
  -15.986000     0.000044
  -15.976000     0.000036
  -15.966000     0.000028
  -15.956000     0.000021
  -15.946000     0.000014
  -15.936000     0.000008
  -15.926000     0.000002
  -15.916000    -0.000004
  -15.906000    -0.000009
  -15.896000    -0.000013
  -15.886000    -0.000018
  -15.876000    -0.000022
  -15.866000    -0.000025
  -15.856000    -0.000029
  -15.846000    -0.000032
  -15.836000    -0.000034
  -15.826000    -0.000037
  -15.816000    -0.000039
  -15.806000    -0.000041
  -15.796000    -0.000043
  -15.786000    -0.000045
  -15.776000    -0.000046
  -15.766000    -0.000047
  -15.756000    -0.000048
  -15.746000    -0.000049
  -15.736000    -0.000050
  -15.726000    -0.000050
  -15.716000    -0.000051
  -15.706000    -0.000051
  -15.696000    -0.000051
  -15.686000    -0.000051
  -15.676000    -0.000051
  -15.666000    -0.000051
  -15.656000    -0.000051
  -15.646000    -0.000051
  -15.636000    -0.000051
  -15.626000    -0.000051
  -15.616000    -0.000050
  -15.606000    -0.000050
  -15.596000    -0.000050
  -15.586000    -0.000049
  -15.576000    -0.000049
  -15.566000    -0.000048
  -15.556000    -0.000048
  -15.546000    -0.000048
  -15.536000    -0.000047
  -15.526000    -0.000047
  -15.516000    -0.000047
  -15.506000    -0.000046
  -15.496000    -0.000046
  -15.486000    -0.000045
  -15.476000    -0.000045
  -15.466000    -0.000045
  -15.456000    -0.000045
  -15.446000    -0.000045
  -15.436000    -0.000045
  -15.426000    -0.000044
  -15.416000    -0.000044
  -15.406000    -0.000044
  -15.396000    -0.000044
  -15.386000    -0.000044
  -15.376000    -0.000045
  -15.366000    -0.000045
  -15.356000    -0.000045
  -15.346000    -0.000045
  -15.336000    -0.000046
  -15.326000    -0.000046
  -15.316000    -0.000046
  -15.306000    -0.000047
  -15.296000    -0.000047
  -15.286000    -0.000048
  -15.276000    -0.000049
  -15.266000    -0.000050
  -15.256000    -0.000050
  -15.246000    -0.000051
  -15.236000    -0.000052
  -15.226000    -0.000053
  -15.216000    -0.000054
  -15.206000    -0.000055
  -15.196000    -0.000057
  -15.186000    -0.000058
  -15.176000    -0.000059
  -15.166000    -0.000061
  -15.156000    -0.000062
  -15.146000    -0.000063
  -15.136000    -0.000065
  -15.126000    -0.000067
  -15.116000    -0.000068
  -15.106000    -0.000070
  -15.096000    -0.000072
  -15.086000    -0.000073
  -15.076000    -0.000075
  -15.066000    -0.000077
  -15.056000    -0.000079
  -15.046000    -0.000081
  -15.036000    -0.000083
  -15.026000    -0.000085
  -15.016000    -0.000087
  -15.006000    -0.000089
  -14.996000    -0.000092
  -14.986000    -0.000094
  -14.976000    -0.000096
  -14.966000    -0.000098
  -14.956000    -0.000100
  -14.946000    -0.000102
  -14.936000    -0.000104
  -14.926000    -0.000107
  -14.916000    -0.000109
  -14.906000    -0.000111
  -14.896000    -0.000113
  -14.886000    -0.000115
  -14.876000    -0.000117
  -14.866000    -0.000118
  -14.856000    -0.000120
  -14.846000    -0.000122
  -14.836000    -0.000123
  -14.826000    -0.000125
  -14.816000    -0.000126
  -14.806000    -0.000127
  -14.796000    -0.000128
  -14.786000    -0.000129
  -14.776000    -0.000130
  -14.766000    -0.000131
  -14.756000    -0.000131
  -14.746000    -0.000131
  -14.736000    -0.000131
  -14.726000    -0.000131
  -14.716000    -0.000130
  -14.706000    -0.000129
  -14.696000    -0.000128
  -14.686000    -0.000127
  -14.676000    -0.000125
  -14.666000    -0.000123
  -14.656000    -0.000121
  -14.646000    -0.000118
  -14.636000    -0.000115
  -14.626000    -0.000111
  -14.616000    -0.000107
  -14.606000    -0.000102
  -14.596000    -0.000098
  -14.586000    -0.000092
  -14.576000    -0.000086
  -14.566000    -0.000080
  -14.556000    -0.000073
  -14.546000    -0.000066
  -14.536000    -0.000058
  -14.526000    -0.000049
  -14.516000    -0.000040
  -14.506000    -0.000031
  -14.496000    -0.000020
  -14.486000    -0.000009
  -14.476000     0.000002
  -14.466000     0.000015
  -14.456000     0.000028
  -14.446000     0.000041
  -14.436000     0.000056
  -14.426000     0.000071
  -14.416000     0.000087
  -14.406000     0.000104
  -14.396000     0.000121
  -14.386000     0.000139
  -14.376000     0.000158
  -14.366000     0.000177
  -14.356000     0.000199
  -14.346000     0.000219
  -14.336000     0.000242
  -14.326000     0.000265
  -14.316000     0.000289
  -14.306000     0.000313
  -14.296000     0.000339
  -14.286000     0.000365
  -14.276000     0.000392
  -14.266000     0.000421
  -14.256000     0.000449
  -14.246000     0.000479
  -14.236000     0.000510
  -14.226000     0.000541
  -14.216000     0.000574
  -14.206000     0.000606
  -14.196000     0.000640
  -14.186000     0.000676
  -14.176000     0.000711
  -14.166000     0.000747
  -14.156000     0.000784
  -14.146000     0.000821
  -14.136000     0.000859
  -14.126000     0.000899
  -14.116000     0.000939
  -14.106000     0.000979
  -14.096000     0.001021
  -14.086000     0.001062
  -14.076000     0.001105
  -14.066000     0.001147
  -14.056000     0.001191
  -14.046000     0.001235
  -14.036000     0.001280
  -14.026000     0.001326
  -14.016000     0.001371
  -14.006000     0.001417
  -13.996000     0.001463
  -13.986000     0.001510
  -13.976000     0.001556
  -13.966000     0.001602
  -13.956000     0.001651
  -13.946000     0.001698
  -13.936000     0.001746
  -13.926000     0.001795
  -13.916000     0.001842
  -13.906000     0.001890
  -13.896000     0.001939
  -13.886000     0.001987
  -13.876000     0.002035
  -13.866000     0.002081
  -13.856000     0.002131
  -13.846000     0.002178
  -13.836000     0.002225
  -13.826000     0.002273
  -13.816000     0.002318
  -13.806000     0.002360
  -13.796000     0.002413
  -13.786000     0.002455
  -13.776000     0.002495
  -13.766000     0.002547
  -13.756000     0.002587
  -13.746000     0.002629
  -13.736000     0.002678
  -13.726000     0.002718
  -13.716000     0.002758
  -13.706000     0.002796
  -13.696000     0.002834
  -13.686000     0.002871
  -13.676000     0.002909
  -13.666000     0.002946
  -13.656000     0.002982
  -13.646000     0.003018
  -13.636000     0.003054
  -13.626000     0.003092
  -13.616000     0.003118
  -13.606000     0.003144
  -13.596000     0.003179
  -13.586000     0.003204
  -13.576000     0.003230
  -13.566000     0.003255
  -13.556000     0.003289
  -13.546000     0.003302
  -13.536000     0.003326
  -13.526000     0.003351
  -13.516000     0.003363
  -13.506000     0.003385
  -13.496000     0.003397
  -13.486000     0.003421
  -13.476000     0.003431
  -13.466000     0.003432
  -13.456000     0.003454
  -13.446000     0.003455
  -13.436000     0.003465
  -13.426000     0.003476
  -13.416000     0.003475
  -13.406000     0.003475
  -13.396000     0.003474
  -13.386000     0.003473
  -13.376000     0.003481
  -13.366000     0.003480
  -13.356000     0.003478
  -13.346000     0.003465
  -13.336000     0.003463
  -13.326000     0.003450
  -13.316000     0.003446
  -13.306000     0.003434
  -13.296000     0.003419
  -13.286000     0.003396
  -13.276000     0.003390
  -13.266000     0.003376
  -13.256000     0.003350
  -13.246000     0.003336
  -13.236000     0.003311
  -13.226000     0.003295
  -13.216000     0.003270
  -13.206000     0.003243
  -13.196000     0.003226
  -13.186000     0.003190
  -13.176000     0.003163
  -13.166000     0.003136
  -13.156000     0.003108
  -13.146000     0.003071
  -13.136000     0.003043
  -13.126000     0.003005
  -13.116000     0.002978
  -13.106000     0.002949
  -13.096000     0.002911
  -13.086000     0.002862
  -13.076000     0.002824
  -13.066000     0.002786
  -13.056000     0.002756
  -13.046000     0.002714
  -13.036000     0.002677
  -13.026000     0.002628
  -13.016000     0.002589
  -13.006000     0.002549
  -12.996000     0.002510
  -12.986000     0.002460
  -12.976000     0.002418
  -12.966000     0.002374
  -12.956000     0.002330
  -12.946000     0.002285
  -12.936000     0.002238
  -12.926000     0.002193
  -12.916000     0.002146
  -12.906000     0.002101
  -12.896000     0.002054
  -12.886000     0.002008
  -12.876000     0.001960
  -12.866000     0.001914
  -12.856000     0.001867
  -12.846000     0.001820
  -12.836000     0.001773
  -12.826000     0.001726
  -12.816000     0.001679
  -12.806000     0.001632
  -12.796000     0.001586
  -12.786000     0.001538
  -12.776000     0.001492
  -12.766000     0.001446
  -12.756000     0.001399
  -12.746000     0.001354
  -12.736000     0.001308
  -12.726000     0.001262
  -12.716000     0.001218
  -12.706000     0.001173
  -12.696000     0.001129
  -12.686000     0.001085
  -12.676000     0.001042
  -12.666000     0.000998
  -12.656000     0.000954
  -12.646000     0.000913
  -12.636000     0.000871
  -12.626000     0.000831
  -12.616000     0.000789
  -12.606000     0.000749
  -12.596000     0.000710
  -12.586000     0.000670
  -12.576000     0.000632
  -12.566000     0.000594
  -12.556000     0.000556
  -12.546000     0.000520
  -12.536000     0.000483
  -12.526000     0.000448
  -12.516000     0.000414
  -12.506000     0.000379
  -12.496000     0.000346
  -12.486000     0.000314
  -12.476000     0.000281
  -12.466000     0.000251
  -12.456000     0.000220
  -12.446000     0.000190
  -12.436000     0.000161
  -12.426000     0.000133
  -12.416000     0.000106
  -12.406000     0.000079
  -12.396000     0.000053
  -12.386000     0.000028
  -12.376000     0.000004
  -12.366000    -0.000019
  -12.356000    -0.000042
  -12.346000    -0.000063
  -12.336000    -0.000084
  -12.326000    -0.000104
  -12.316000    -0.000122
  -12.306000    -0.000140
  -12.296000    -0.000157
  -12.286000    -0.000173
  -12.276000    -0.000188
  -12.266000    -0.000202
  -12.256000    -0.000216
  -12.246000    -0.000227
  -12.236000    -0.000238
  -12.226000    -0.000248
  -12.216000    -0.000256
  -12.206000    -0.000264
  -12.196000    -0.000271
  -12.186000    -0.000276
  -12.176000    -0.000280
  -12.166000    -0.000283
  -12.156000    -0.000285
  -12.146000    -0.000285
  -12.136000    -0.000285
  -12.126000    -0.000283
  -12.116000    -0.000280
  -12.106000    -0.000275
  -12.096000    -0.000269
  -12.086000    -0.000262
  -12.076000    -0.000253
  -12.066000    -0.000243
  -12.056000    -0.000232
  -12.046000    -0.000219
  -12.036000    -0.000204
  -12.026000    -0.000188
  -12.016000    -0.000171
  -12.006000    -0.000152
  -11.996000    -0.000132
  -11.986000    -0.000110
  -11.976000    -0.000086
  -11.966000    -0.000061
  -11.956000    -0.000034
  -11.946000    -0.000006
  -11.936000     0.000024
  -11.926000     0.000056
  -11.916000     0.000089
  -11.906000     0.000124
  -11.896000     0.000160
  -11.886000     0.000198
  -11.876000     0.000238
  -11.866000     0.000280
  -11.856000     0.000323
  -11.846000     0.000368
  -11.836000     0.000414
  -11.826000     0.000462
  -11.816000     0.000511
  -11.806000     0.000562
  -11.796000     0.000614
  -11.786000     0.000668
  -11.776000     0.000724
  -11.766000     0.000780
  -11.756000     0.000839
  -11.746000     0.000899
  -11.736000     0.000960
  -11.726000     0.001022
  -11.716000     0.001086
  -11.706000     0.001151
  -11.696000     0.001216
  -11.686000     0.001283
  -11.676000     0.001350
  -11.666000     0.001420
  -11.656000     0.001489
  -11.646000     0.001560
  -11.636000     0.001632
  -11.626000     0.001703
  -11.616000     0.001776
  -11.606000     0.001848
  -11.596000     0.001922
  -11.586000     0.001997
  -11.576000     0.002069
  -11.566000     0.002143
  -11.556000     0.002218
  -11.546000     0.002292
  -11.536000     0.002365
  -11.526000     0.002439
  -11.516000     0.002511
  -11.506000     0.002586
  -11.496000     0.002657
  -11.486000     0.002725
  -11.476000     0.002801
  -11.466000     0.002865
  -11.456000     0.002939
  -11.446000     0.003000
  -11.436000     0.003072
  -11.426000     0.003132
  -11.416000     0.003199
  -11.406000     0.003257
  -11.396000     0.003325
  -11.386000     0.003381
  -11.376000     0.003438
  -11.366000     0.003493
  -11.356000     0.003547
  -11.346000     0.003593
  -11.336000     0.003647
  -11.326000     0.003689
  -11.316000     0.003739
  -11.306000     0.003771
  -11.296000     0.003812
  -11.286000     0.003850
  -11.276000     0.003879
  -11.266000     0.003906
  -11.256000     0.003932
  -11.246000     0.003956
  -11.236000     0.003971
  -11.226000     0.003993
  -11.216000     0.004004
  -11.206000     0.004014
  -11.196000     0.004023
  -11.186000     0.004020
  -11.176000     0.004016
  -11.166000     0.004011
  -11.156000     0.004003
  -11.146000     0.003996
  -11.136000     0.003976
  -11.126000     0.003954
  -11.116000     0.003919
  -11.106000     0.003905
  -11.096000     0.003868
  -11.086000     0.003828
  -11.076000     0.003778
  -11.066000     0.003734
  -11.056000     0.003690
  -11.046000     0.003623
  -11.036000     0.003564
  -11.026000     0.003492
  -11.016000     0.003419
  -11.006000     0.003343
  -10.996000     0.003263
  -10.986000     0.003172
  -10.976000     0.003088
  -10.966000     0.002982
  -10.956000     0.002882
  -10.946000     0.002769
  -10.936000     0.002653
  -10.926000     0.002534
  -10.916000     0.002404
  -10.906000     0.002276
  -10.896000     0.002135
  -10.886000     0.001988
  -10.876000     0.001834
  -10.866000     0.001674
  -10.856000     0.001506
  -10.846000     0.001332
  -10.836000     0.001151
  -10.826000     0.000961
  -10.816000     0.000763
  -10.806000     0.000558
  -10.796000     0.000344
  -10.786000     0.000120
  -10.776000    -0.000111
  -10.766000    -0.000351
  -10.756000    -0.000601
  -10.746000    -0.000861
  -10.736000    -0.001130
  -10.726000    -0.001408
  -10.716000    -0.001699
  -10.706000    -0.001997
  -10.696000    -0.002309
  -10.686000    -0.002630
  -10.676000    -0.002966
  -10.666000    -0.003311
  -10.656000    -0.003668
  -10.646000    -0.004036
  -10.636000    -0.004419
  -10.626000    -0.004815
  -10.616000    -0.005222
  -10.606000    -0.005645
  -10.596000    -0.006081
  -10.586000    -0.006535
  -10.576000    -0.006992
  -10.566000    -0.007470
  -10.556000    -0.007967
  -10.546000    -0.008478
  -10.536000    -0.008987
  -10.526000    -0.009530
  -10.516000    -0.010078
  -10.506000    -0.010652
  -10.496000    -0.011230
  -10.486000    -0.011828
  -10.476000    -0.012431
  -10.466000    -0.013054
  -10.456000    -0.013696
  -10.446000    -0.014360
  -10.436000    -0.015033
  -10.426000    -0.015727
  -10.416000    -0.016411
  -10.406000    -0.017115
  -10.396000    -0.017860
  -10.386000    -0.018575
  -10.376000    -0.019339
  -10.366000    -0.020094
  -10.356000    -0.020850
  -10.346000    -0.021635
  -10.336000    -0.022431
  -10.326000    -0.023216
  -10.316000    -0.024022
  -10.306000    -0.024797
  -10.296000    -0.025623
  -10.286000    -0.026419
  -10.276000    -0.027224
  -10.266000    -0.028030
  -10.256000    -0.028835
  -10.246000    -0.029632
  -10.236000    -0.030427
  -10.226000    -0.031201
  -10.216000    -0.031956
  -10.206000    -0.032721
  -10.196000    -0.033444
  -10.186000    -0.034159
  -10.176000    -0.034841
  -10.166000    -0.035503
  -10.156000    -0.036135
  -10.146000    -0.036747
  -10.136000    -0.037308
  -10.126000    -0.037808
  -10.116000    -0.038286
  -10.106000    -0.038714
  -10.096000    -0.039111
  -10.086000    -0.039417
  -10.076000    -0.039693
  -10.066000    -0.039896
  -10.056000    -0.040009
  -10.046000    -0.040079
  -10.036000    -0.040029
  -10.026000    -0.039926
  -10.016000    -0.039733
  -10.006000    -0.039428
   -9.996000    -0.039030
   -9.986000    -0.038521
   -9.976000    -0.037910
   -9.966000    -0.037186
   -9.956000    -0.036331
   -9.946000    -0.035373
   -9.936000    -0.034243
   -9.926000    -0.032991
   -9.916000    -0.031596
   -9.906000    -0.030030
   -9.896000    -0.028329
   -9.886000    -0.026457
   -9.876000    -0.024421
   -9.866000    -0.022201
   -9.856000    -0.019798
   -9.846000    -0.017226
   -9.836000    -0.014450
   -9.826000    -0.011461
   -9.816000    -0.008292
   -9.806000    -0.004908
   -9.796000    -0.001319
   -9.786000     0.002522
   -9.776000     0.006560
   -9.766000     0.010825
   -9.756000     0.015336
   -9.746000     0.020066
   -9.736000     0.025053
   -9.726000     0.030287
   -9.716000     0.035752
   -9.706000     0.041489
   -9.696000     0.047470
   -9.686000     0.053666
   -9.676000     0.060144
   -9.666000     0.066988
   -9.656000     0.074036
   -9.646000     0.081248
   -9.636000     0.088794
   -9.626000     0.096675
   -9.616000     0.104770
   -9.606000     0.113120
   -9.596000     0.121624
   -9.586000     0.130582
   -9.576000     0.139693
   -9.566000     0.149240
   -9.556000     0.158698
   -9.546000     0.168669
   -9.536000     0.178742
   -9.526000     0.189218
   -9.516000     0.199786
   -9.506000     0.210568
   -9.496000     0.221851
   -9.486000     0.233147
   -9.476000     0.244545
   -9.466000     0.256436
   -9.456000     0.268340
   -9.446000     0.280546
   -9.436000     0.292854
   -9.426000     0.305355
   -9.416000     0.318178
   -9.406000     0.330901
   -9.396000     0.343822
   -9.386000     0.356960
   -9.376000     0.370180
   -9.366000     0.383710
   -9.356000     0.397150
   -9.346000     0.410790
   -9.336000     0.424330
   -9.326000     0.437970
   -9.316000     0.451710
   -9.306000     0.465670
   -9.296000     0.479520
   -9.286000     0.493480
   -9.276000     0.507240
   -9.266000     0.521200
   -9.256000     0.535160
   -9.246000     0.549020
   -9.236000     0.562690
   -9.226000     0.576560
   -9.216000     0.590330
   -9.206000     0.603920
   -9.196000     0.617790
   -9.186000     0.631370
   -9.176000     0.643650
   -9.166000     0.657030
   -9.156000     0.670620
   -9.146000     0.683710
   -9.136000     0.696190
   -9.126000     0.708080
   -9.116000     0.719970
   -9.106000     0.732770
   -9.096000     0.744360
   -9.086000     0.756050
   -9.076000     0.768660
   -9.066000     0.780060
   -9.056000     0.791370
   -9.046000     0.800660
   -9.036000     0.811970
   -9.026000     0.822080
   -9.016000     0.832090
   -9.006000     0.842100
   -8.996000     0.851910
   -8.986000     0.861640
   -8.976000     0.870240
   -8.966000     0.877760
   -8.956000     0.886170
   -8.946000     0.894500
   -8.936000     0.901720
   -8.926000     0.908750
   -8.916000     0.915770
   -8.906000     0.923700
   -8.896000     0.930410
   -8.886000     0.937240
   -8.876000     0.941680
   -8.866000     0.948120
   -8.856000     0.953340
   -8.846000     0.956570
   -8.836000     0.962800
   -8.826000     0.966740
   -8.816000     0.971780
   -8.806000     0.974400
   -8.796000     0.979140
   -8.786000     0.981690
   -8.776000     0.984220
   -8.766000     0.987550
   -8.756000     0.990890
   -8.746000     0.992120
   -8.736000     0.993250
   -8.726000     0.995190
   -8.716000     0.996110
   -8.706000     0.996850
   -8.696000     0.998470
   -8.686000     0.999100
   -8.676000     0.999520
   -8.666000     0.999960
   -8.656000     1.000380
   -8.646000     0.999590
   -8.636000     0.999710
   -8.626000     0.999820
   -8.616000     0.998830
   -8.606000     0.995620
   -8.596000     0.995640
   -8.586000     0.994330
   -8.576000     0.993940
   -8.566000     0.990610
   -8.556000     0.988100
   -8.546000     0.987490
   -8.536000     0.983950
   -8.526000     0.981110
   -8.516000     0.979390
   -8.506000     0.976650
   -8.496000     0.973700
   -8.486000     0.969750
   -8.476000     0.966690
   -8.466000     0.962510
   -8.456000     0.959450
   -8.446000     0.955280
   -8.436000     0.951790
   -8.426000     0.947600
   -8.416000     0.944210
   -8.406000     0.938730
   -8.396000     0.936230
   -8.386000     0.930600
   -8.376000     0.928010
   -8.366000     0.922390
   -8.356000     0.916670
   -8.346000     0.913040
   -8.336000     0.907220
   -8.326000     0.902490
   -8.316000     0.898650
   -8.306000     0.892610
   -8.296000     0.887790
   -8.286000     0.881710
   -8.276000     0.876790
   -8.266000     0.871800
   -8.256000     0.866870
   -8.246000     0.861990
   -8.236000     0.855920
   -8.226000     0.850850
   -8.216000     0.844680
   -8.206000     0.839810
   -8.196000     0.834760
   -8.186000     0.828700
   -8.176000     0.824760
   -8.166000     0.817710
   -8.156000     0.812680
   -8.146000     0.808540
   -8.136000     0.802530
   -8.126000     0.797720
   -8.116000     0.793530
   -8.106000     0.787730
   -8.096000     0.782960
   -8.086000     0.778200
   -8.076000     0.774550
   -8.066000     0.770210
   -8.056000     0.765900
   -8.046000     0.760600
   -8.036000     0.758410
   -8.026000     0.753540
   -8.016000     0.750720
   -8.006000     0.747010
   -7.996000     0.744410
   -7.986000     0.740130
   -7.976000     0.739000
   -7.966000     0.735800
   -7.956000     0.734200
   -7.946000     0.731700
   -7.936000     0.730200
   -7.926000     0.729100
   -7.916000     0.727900
   -7.906000     0.727300
   -7.896000     0.727000
   -7.886000     0.726600
   -7.876000     0.726500
   -7.866000     0.727800
   -7.856000     0.729100
   -7.846000     0.730900
   -7.836000     0.731700
   -7.826000     0.733000
   -7.816000     0.735400
   -7.806000     0.738100
   -7.796000     0.741000
   -7.786000     0.744200
   -7.776000     0.747800
   -7.766000     0.752500
   -7.756000     0.756400
   -7.746000     0.761600
   -7.736000     0.767000
   -7.726000     0.771800
   -7.716000     0.777600
   -7.706000     0.783800
   -7.696000     0.790200
   -7.686000     0.797100
   -7.676000     0.803300
   -7.666000     0.810600
   -7.656000     0.819100
   -7.646000     0.826500
   -7.636000     0.835200
   -7.626000     0.844100
   -7.616000     0.852000
   -7.606000     0.860800
   -7.596000     0.871200
   -7.586000     0.879200
   -7.576000     0.888600
   -7.566000     0.899100
   -7.556000     0.908600
   -7.546000     0.918800
   -7.536000     0.929400
   -7.526000     0.939000
   -7.516000     0.949600
   -7.506000     0.960100
   -7.496000     0.969400
   -7.486000     0.980800
   -7.476000     0.991500
   -7.466000     1.000800
   -7.456000     1.011400
   -7.446000     1.021800
   -7.436000     1.031200
   -7.426000     1.040600
   -7.416000     1.051000
   -7.406000     1.060400
   -7.396000     1.069700
   -7.386000     1.078700
   -7.376000     1.087800
   -7.366000     1.095900
   -7.356000     1.104800
   -7.346000     1.112700
   -7.336000     1.121500
   -7.326000     1.127000
   -7.316000     1.136500
   -7.306000     1.141900
   -7.296000     1.147200
   -7.286000     1.154100
   -7.276000     1.160000
   -7.266000     1.163700
   -7.256000     1.168300
   -7.246000     1.171600
   -7.236000     1.175600
   -7.226000     1.177600
   -7.216000     1.181400
   -7.206000     1.184000
   -7.196000     1.183200
   -7.186000     1.185300
   -7.176000     1.185000
   -7.166000     1.183600
   -7.156000     1.182900
   -7.146000     1.180200
   -7.136000     1.180000
   -7.126000     1.175500
   -7.116000     1.169800
   -7.106000     1.167800
   -7.096000     1.161600
   -7.086000     1.157300
   -7.076000     1.150600
   -7.066000     1.143500
   -7.056000     1.136400
   -7.046000     1.127700
   -7.036000     1.119700
   -7.026000     1.110100
   -7.016000     1.100100
   -7.006000     1.088800
   -6.996000     1.078400
   -6.986000     1.067400
   -6.976000     1.054200
   -6.966000     1.041800
   -6.956000     1.029200
   -6.946000     1.015200
   -6.936000     0.999000
   -6.926000     0.984400
   -6.916000     0.970700
   -6.906000     0.953800
   -6.896000     0.937600
   -6.886000     0.921200
   -6.876000     0.904600
   -6.866000     0.887400
   -6.856000     0.869900
   -6.846000     0.851000
   -6.836000     0.832700
   -6.826000     0.814300
   -6.816000     0.795700
   -6.806000     0.776700
   -6.796000     0.756900
   -6.786000     0.738000
   -6.776000     0.718600
   -6.766000     0.699100
   -6.756000     0.679700
   -6.746000     0.660000
   -6.736000     0.640300
   -6.726000     0.620800
   -6.716000     0.601500
   -6.706000     0.581800
   -6.696000     0.562010
   -6.686000     0.542950
   -6.676000     0.523650
   -6.666000     0.504560
   -6.656000     0.485930
   -6.646000     0.467420
   -6.636000     0.449200
   -6.626000     0.431620
   -6.616000     0.413914
   -6.606000     0.396792
   -6.596000     0.379940
   -6.586000     0.363680
   -6.576000     0.347815
   -6.566000     0.332148
   -6.556000     0.317392
   -6.546000     0.303045
   -6.536000     0.289020
   -6.526000     0.275720
   -6.516000     0.263160
   -6.506000     0.251120
   -6.496000     0.239750
   -6.486000     0.229070
   -6.476000     0.219030
   -6.466000     0.209770
   -6.456000     0.201070
   -6.446000     0.193270
   -6.436000     0.186050
   -6.426000     0.179650
   -6.416000     0.174140
   -6.406000     0.169580
   -6.396000     0.165530
   -6.386000     0.162400
   -6.376000     0.160300
   -6.366000     0.158840
   -6.356000     0.158430
   -6.346000     0.158580
   -6.336000     0.159870
   -6.326000     0.161870
   -6.316000     0.164990
   -6.306000     0.168890
   -6.296000     0.173601
   -6.286000     0.179277
   -6.276000     0.185741
   -6.266000     0.193100
   -6.256000     0.201450
   -6.246000     0.210690
   -6.236000     0.220930
   -6.226000     0.231640
   -6.216000     0.243430
   -6.206000     0.256080
   -6.196000     0.269700
   -6.186000     0.284200
   -6.176000     0.299100
   -6.166000     0.315200
   -6.156000     0.331600
   -6.146000     0.349400
   -6.136000     0.367400
   -6.126000     0.386600
   -6.116000     0.406400
   -6.106000     0.426700
   -6.096000     0.447900
   -6.086000     0.469700
   -6.076000     0.491900
   -6.066000     0.514900
   -6.056000     0.538500
   -6.046000     0.562600
   -6.036000     0.587400
   -6.026000     0.612600
   -6.016000     0.638100
   -6.006000     0.664400
   -5.996000     0.690900
   -5.986000     0.718200
   -5.976000     0.745100
   -5.966000     0.772800
   -5.956000     0.800200
   -5.946000     0.828700
   -5.936000     0.857300
   -5.926000     0.885600
   -5.916000     0.914800
   -5.906000     0.944100
   -5.896000     0.972700
   -5.886000     1.000700
   -5.876000     1.030000
   -5.866000     1.059900
   -5.856000     1.087400
   -5.846000     1.118500
   -5.836000     1.147400
   -5.826000     1.175600
   -5.816000     1.204400
   -5.806000     1.233200
   -5.796000     1.261900
   -5.786000     1.289700
   -5.776000     1.317200
   -5.766000     1.346800
   -5.756000     1.374100
   -5.746000     1.401600
   -5.736000     1.426800
   -5.726000     1.454000
   -5.716000     1.481100
   -5.706000     1.506000
   -5.696000     1.532000
   -5.686000     1.555700
   -5.676000     1.581400
   -5.666000     1.605000
   -5.656000     1.628600
   -5.646000     1.653100
   -5.636000     1.675500
   -5.626000     1.697700
   -5.616000     1.720800
   -5.606000     1.745000
   -5.596000     1.764000
   -5.586000     1.787000
   -5.576000     1.808000
   -5.566000     1.829700
   -5.556000     1.847400
   -5.546000     1.868100
   -5.536000     1.889600
   -5.526000     1.907300
   -5.516000     1.929700
   -5.506000     1.948200
   -5.496000     1.968400
   -5.486000     1.988800
   -5.476000     2.006200
   -5.466000     2.027400
   -5.456000     2.047400
   -5.446000     2.067800
   -5.436000     2.087800
   -5.426000     2.111000
   -5.416000     2.132000
   -5.406000     2.154000
   -5.396000     2.177000
   -5.386000     2.200100
   -5.376000     2.225100
   -5.366000     2.250100
   -5.356000     2.276200
   -5.346000     2.306100
   -5.336000     2.334200
   -5.326000     2.364300
   -5.316000     2.394300
   -5.306000     2.427400
   -5.296000     2.461300
   -5.286000     2.500400
   -5.276000     2.538500
   -5.266000     2.581700
   -5.256000     2.621800
   -5.246000     2.668100
   -5.236000     2.715400
   -5.226000     2.767500
   -5.216000     2.818700
   -5.206000     2.875200
   -5.196000     2.934700
   -5.186000     2.998100
   -5.176000     3.062600
   -5.166000     3.132000
   -5.156000     3.205500
   -5.146000     3.282200
   -5.136000     3.363900
   -5.126000     3.447600
   -5.116000     3.538500
   -5.106000     3.630400
   -5.096000     3.729200
   -5.086000     3.833200
   -5.076000     3.940300
   -5.066000     4.052300
   -5.056000     4.169400
   -5.046000     4.292700
   -5.036000     4.422000
   -5.026000     4.557300
   -5.016000     4.696700
   -5.006000     4.846200
   -4.996000     4.995600
   -4.986000     5.156200
   -4.976000     5.321800
   -4.966000     5.474500
   -4.956000     5.656400
   -4.946000     5.858100
   -4.936000     6.020100
   -4.926000     6.213000
   -4.916000     6.435900
   -4.906000     6.639100
   -4.896000     6.861200
   -4.886000     7.074300
   -4.876000     7.307500
   -4.866000     7.540900
   -4.856000     7.784200
   -4.846000     8.057800
   -4.836000     8.301200
   -4.826000     8.566000
   -4.816000     8.840800
   -4.806000     9.124700
   -4.796000     9.400800
   -4.786000     9.685000
   -4.776000     9.990500
   -4.766000    10.305900
   -4.756000    10.611600
   -4.746000    10.928300
   -4.736000    11.254300
   -4.726000    11.590700
   -4.716000    11.918200
   -4.706000    12.274700
   -4.696000    12.612100
   -4.686000    12.969700
   -4.676000    13.337500
   -4.666000    13.695500
   -4.656000    14.063800
   -4.646000    14.452100
   -4.636000    14.821100
   -4.626000    15.210300
   -4.616000    15.579600
   -4.606000    15.979200
   -4.596000    16.388800
   -4.586000    16.789000
   -4.576000    17.179200
   -4.566000    17.579900
   -4.556000    17.980600
   -4.546000    18.391500
   -4.536000    18.802800
   -4.526000    19.204300
   -4.516000    19.616100
   -4.506000    20.028100
   -4.496000    20.430300
   -4.486000    20.852800
   -4.476000    21.255300
   -4.466000    21.658300
   -4.456000    22.061300
   -4.446000    22.464600
   -4.436000    22.858200
   -4.426000    23.252000
   -4.416000    23.656100
   -4.406000    24.030300
   -4.396000    24.424800
   -4.386000    24.799100
   -4.376000    25.174100
   -4.366000    25.549100
   -4.356000    25.904300
   -4.346000    26.259700
   -4.336000    26.615500
   -4.326000    26.951200
   -4.316000    27.287200
   -4.306000    27.613500
   -4.296000    27.929800
   -4.286000    28.236400
   -4.276000    28.513100
   -4.266000    28.810000
   -4.256000    29.097100
   -4.246000    29.364300
   -4.236000    29.621600
   -4.226000    29.859500
   -4.216000    30.097100
   -4.206000    30.315100
   -4.196000    30.523200
   -4.186000    30.711200
   -4.176000    30.910100
   -4.166000    31.078000
   -4.156000    31.247000
   -4.146000    31.376000
   -4.136000    31.504900
   -4.126000    31.633600
   -4.116000    31.733700
   -4.106000    31.820500
   -4.096000    31.900500
   -4.086000    31.960400
   -4.076000    31.999200
   -4.066000    32.040000
   -4.056000    32.049700
   -4.046000    32.059400
   -4.036000    32.049100
   -4.026000    32.029700
   -4.016000    31.989100
   -4.006000    31.929600
   -3.996000    31.860000
   -3.986000    31.780200
   -3.976000    31.700500
   -3.966000    31.590800
   -3.956000    31.461000
   -3.946000    31.320000
   -3.936000    31.171100
   -3.926000    31.011100
   -3.916000    30.832000
   -3.906000    30.653100
   -3.896000    30.432900
   -3.886000    30.243600
   -3.876000    30.014400
   -3.866000    29.774100
   -3.856000    29.514800
   -3.846000    29.265400
   -3.836000    28.997000
   -3.826000    28.726500
   -3.816000    28.435900
   -3.806000    28.136400
   -3.796000    27.816800
   -3.786000    27.506100
   -3.776000    27.187500
   -3.766000    26.857700
   -3.756000    26.506900
   -3.746000    26.167000
   -3.736000    25.806300
   -3.726000    25.446400
   -3.716000    25.085600
   -3.706000    24.705600
   -3.696000    24.344700
   -3.686000    23.943600
   -3.676000    23.552600
   -3.666000    23.181700
   -3.656000    22.780500
   -3.646000    22.389400
   -3.636000    21.988400
   -3.626000    21.597200
   -3.616000    21.185200
   -3.606000    20.782800
   -3.596000    20.380700
   -3.586000    19.969500
   -3.576000    19.567300
   -3.566000    19.165000
   -3.556000    18.771700
   -3.546000    18.348500
   -3.536000    17.946200
   -3.526000    17.553800
   -3.516000    17.150500
   -3.506000    16.767200
   -3.496000    16.373800
   -3.486000    15.969300
   -3.476000    15.596000
   -3.466000    15.212600
   -3.456000    14.828100
   -3.446000    14.463700
   -3.436000    14.081400
   -3.426000    13.705800
   -3.416000    13.361400
   -3.406000    12.995800
   -3.396000    12.651300
   -3.386000    12.316800
   -3.376000    11.961200
   -3.366000    11.636700
   -3.356000    11.311200
   -3.346000    10.985600
   -3.336000    10.671000
   -3.326000    10.354500
   -3.316000    10.057800
   -3.306000     9.752100
   -3.296000     9.477600
   -3.286000     9.190000
   -3.276000     8.914300
   -3.266000     8.648700
   -3.256000     8.370900
   -3.246000     8.135300
   -3.236000     7.887600
   -3.226000     7.632900
   -3.216000     7.406200
   -3.206000     7.178500
   -3.196000     6.940900
   -3.186000     6.744100
   -3.176000     6.527400
   -3.166000     6.310800
   -3.156000     6.132000
   -3.146000     5.952300
   -3.136000     5.765700
   -3.126000     5.599000
   -3.116000     5.414300
   -3.106000     5.259800
   -3.096000     5.103100
   -3.086000     4.955500
   -3.076000     4.812100
   -3.066000     4.675500
   -3.056000     4.541900
   -3.046000     4.417600
   -3.036000     4.297100
   -3.026000     4.182800
   -3.016000     4.073300
   -3.006000     3.968100
   -2.996000     3.868900
   -2.986000     3.775700
   -2.976000     3.686400
   -2.966000     3.601400
   -2.956000     3.519500
   -2.946000     3.445600
   -2.936000     3.374600
   -2.926000     3.305900
   -2.916000     3.242200
   -2.906000     3.182600
   -2.896000     3.128100
   -2.886000     3.075600
   -2.876000     3.026300
   -2.866000     2.980000
   -2.856000     2.938800
   -2.846000     2.899900
   -2.836000     2.862900
   -2.826000     2.829100
   -2.816000     2.799500
   -2.806000     2.770900
   -2.796000     2.745400
   -2.786000     2.722200
   -2.776000     2.699000
   -2.766000     2.681900
   -2.756000     2.663400
   -2.746000     2.648900
   -2.736000     2.636400
   -2.726000     2.622200
   -2.716000     2.614100
   -2.706000     2.605000
   -2.696000     2.598100
   -2.686000     2.592300
   -2.676000     2.587500
   -2.666000     2.584900
   -2.656000     2.581500
   -2.646000     2.579000
   -2.636000     2.578800
   -2.626000     2.580600
   -2.616000     2.581700
   -2.606000     2.584800
   -2.596000     2.587000
   -2.586000     2.590200
   -2.576000     2.597500
   -2.566000     2.599700
   -2.556000     2.604900
   -2.546000     2.609000
   -2.536000     2.615000
   -2.526000     2.623000
   -2.516000     2.629000
   -2.506000     2.636000
   -2.496000     2.643000
   -2.486000     2.651000
   -2.476000     2.658000
   -2.466000     2.667000
   -2.456000     2.673000
   -2.446000     2.682000
   -2.436000     2.690000
   -2.426000     2.697000
   -2.416000     2.705000
   -2.406000     2.713000
   -2.396000     2.722000
   -2.386000     2.731000
   -2.376000     2.737000
   -2.366000     2.746000
   -2.356000     2.753000
   -2.346000     2.760000
   -2.336000     2.768000
   -2.326000     2.775000
   -2.316000     2.780000
   -2.306000     2.787000
   -2.296000     2.794000
   -2.286000     2.803000
   -2.276000     2.808000
   -2.266000     2.815000
   -2.256000     2.819000
   -2.246000     2.824000
   -2.236000     2.829000
   -2.226000     2.833000
   -2.216000     2.837000
   -2.206000     2.842000
   -2.196000     2.844000
   -2.186000     2.848000
   -2.176000     2.851000
   -2.166000     2.853000
   -2.156000     2.855000
   -2.146000     2.856000
   -2.136000     2.856000
   -2.126000     2.859000
   -2.116000     2.857000
   -2.106000     2.856000
   -2.096000     2.854000
   -2.086000     2.854000
   -2.076000     2.853000
   -2.066000     2.849000
   -2.056000     2.845000
   -2.046000     2.842000
   -2.036000     2.838000
   -2.026000     2.831000
   -2.016000     2.824000
   -2.006000     2.821000
   -1.996000     2.814000
   -1.986000     2.808000
   -1.976000     2.798000
   -1.966000     2.791000
   -1.956000     2.782000
   -1.946000     2.772000
   -1.936000     2.761000
   -1.926000     2.751000
   -1.916000     2.739000
   -1.906000     2.729000
   -1.896000     2.715000
   -1.886000     2.702000
   -1.876000     2.690000
   -1.866000     2.676000
   -1.856000     2.659000
   -1.846000     2.646000
   -1.836000     2.630000
   -1.826000     2.616000
   -1.816000     2.598000
   -1.806000     2.583000
   -1.796000     2.565000
   -1.786000     2.548000
   -1.776000     2.530000
   -1.766000     2.511000
   -1.756000     2.494000
   -1.746000     2.474000
   -1.736000     2.455000
   -1.726000     2.435000
   -1.716000     2.415000
   -1.706000     2.395000
   -1.696000     2.375000
   -1.686000     2.356000
   -1.676000     2.335000
   -1.666000     2.315000
   -1.656000     2.292000
   -1.646000     2.271000
   -1.636000     2.252000
   -1.626000     2.230000
   -1.616000     2.211000
   -1.606000     2.189200
   -1.596000     2.168300
   -1.586000     2.147000
   -1.576000     2.127800
   -1.566000     2.107600
   -1.556000     2.086500
   -1.546000     2.065400
   -1.536000     2.047400
   -1.526000     2.027400
   -1.516000     2.007600
   -1.506000     1.986800
   -1.496000     1.969000
   -1.486000     1.951300
   -1.476000     1.932000
   -1.466000     1.912400
   -1.456000     1.895100
   -1.446000     1.878000
   -1.436000     1.860500
   -1.426000     1.844100
   -1.416000     1.826900
   -1.406000     1.812900
   -1.396000     1.797100
   -1.386000     1.781400
   -1.376000     1.765700
   -1.366000     1.750400
   -1.356000     1.737300
   -1.346000     1.722300
   -1.336000     1.708500
   -1.326000     1.695800
   -1.316000     1.683400
   -1.306000     1.672500
   -1.296000     1.659700
   -1.286000     1.648000
   -1.276000     1.638000
   -1.266000     1.626100
   -1.256000     1.617500
   -1.246000     1.606000
   -1.236000     1.596700
   -1.226000     1.587700
   -1.216000     1.577900
   -1.206000     1.569200
   -1.196000     1.560700
   -1.186000     1.552300
   -1.176000     1.545400
   -1.166000     1.537300
   -1.156000     1.530500
   -1.146000     1.522900
   -1.136000     1.514600
   -1.126000     1.509200
   -1.116000     1.503100
   -1.106000     1.496000
   -1.096000     1.489900
   -1.086000     1.484200
   -1.076000     1.476600
   -1.066000     1.470800
   -1.056000     1.465300
   -1.046000     1.459000
   -1.036000     1.454600
   -1.026000     1.447400
   -1.016000     1.441200
   -1.006000     1.434900
   -0.996000     1.429100
   -0.986000     1.423900
   -0.976000     1.418000
   -0.966000     1.412100
   -0.956000     1.405200
   -0.946000     1.398200
   -0.936000     1.392300
   -0.926000     1.385500
   -0.916000     1.378800
   -0.906000     1.372000
   -0.896000     1.364400
   -0.886000     1.357700
   -0.876000     1.351200
   -0.866000     1.342500
   -0.856000     1.335700
   -0.846000     1.326300
   -0.836000     1.318900
   -0.826000     1.311400
   -0.816000     1.302800
   -0.806000     1.294300
   -0.796000     1.286000
   -0.786000     1.276600
   -0.776000     1.267300
   -0.766000     1.257900
   -0.756000     1.248700
   -0.746000     1.240400
   -0.736000     1.229100
   -0.726000     1.219800
   -0.716000     1.210900
   -0.706000     1.200800
   -0.696000     1.188900
   -0.686000     1.178900
   -0.676000     1.170000
   -0.666000     1.158500
   -0.656000     1.148700
   -0.646000     1.138000
   -0.636000     1.127600
   -0.626000     1.117100
   -0.616000     1.106900
   -0.606000     1.097800
   -0.596000     1.086700
   -0.586000     1.076900
   -0.576000     1.066100
   -0.566000     1.056300
   -0.556000     1.045900
   -0.546000     1.036800
   -0.536000     1.026500
   -0.526000     1.017600
   -0.516000     1.007600
   -0.506000     0.999100
   -0.496000     0.991600
   -0.486000     0.981500
   -0.476000     0.974300
   -0.466000     0.965300
   -0.456000     0.957700
   -0.446000     0.951400
   -0.436000     0.945200
   -0.426000     0.938100
   -0.416000     0.932400
   -0.406000     0.924800
   -0.396000     0.919500
   -0.386000     0.915200
   -0.376000     0.911300
   -0.366000     0.906800
   -0.356000     0.903300
   -0.346000     0.899100
   -0.336000     0.896000
   -0.326000     0.894200
   -0.316000     0.891700
   -0.306000     0.890300
   -0.296000     0.889000
   -0.286000     0.889200
   -0.276000     0.888300
   -0.266000     0.888900
   -0.256000     0.888500
   -0.246000     0.890200
   -0.236000     0.892000
   -0.226000     0.895200
   -0.216000     0.897100
   -0.206000     0.899700
   -0.196000     0.902300
   -0.186000     0.906800
   -0.176000     0.910200
   -0.166000     0.915000
   -0.156000     0.919900
   -0.146000     0.924700
   -0.136000     0.929800
   -0.126000     0.936300
   -0.116000     0.942000
   -0.106000     0.948100
   -0.096000     0.955300
   -0.086000     0.961900
   -0.076000     0.968600
   -0.066000     0.976500
   -0.056000     0.983400
   -0.046000     0.991200
   -0.036000     0.998700
   -0.026000     1.007400
   -0.016000     1.015200
   -0.006000     1.022200
    0.004000     1.030200
    0.014000     1.037100
    0.024000     1.046300
    0.034000     1.054400
    0.044000     1.063600
    0.054000     1.070700
    0.064000     1.076800
    0.074000     1.084900
    0.084000     1.092900
    0.094000     1.100100
    0.104000     1.108100
    0.114000     1.115000
    0.124000     1.120600
    0.134000     1.128600
    0.144000     1.133300
    0.154000     1.141600
    0.164000     1.145700
    0.174000     1.149900
    0.184000     1.156400
    0.194000     1.161000
    0.204000     1.165500
    0.214000     1.168900
    0.224000     1.173200
    0.234000     1.176200
    0.244000     1.179200
    0.254000     1.183300
    0.264000     1.185200
    0.274000     1.185900
    0.284000     1.188600
    0.294000     1.189200
    0.304000     1.188600
    0.314000     1.190100
    0.324000     1.190400
    0.334000     1.190500
    0.344000     1.189700
    0.354000     1.189700
    0.364000     1.186700
    0.374000     1.183600
    0.384000     1.182400
    0.394000     1.179100
    0.404000     1.178900
    0.414000     1.175500
    0.424000     1.170100
    0.434000     1.168400
    0.444000     1.162600
    0.454000     1.159800
    0.464000     1.153900
    0.474000     1.149900
    0.484000     1.143800
    0.494000     1.139700
    0.504000     1.135500
    0.514000     1.129400
    0.524000     1.123200
    0.534000     1.117900
    0.544000     1.112800
    0.554000     1.107500
    0.564000     1.099400
    0.574000     1.095100
    0.584000     1.089500
    0.594000     1.084100
    0.604000     1.077900
    0.614000     1.071200
    0.624000     1.066100
    0.634000     1.059400
    0.644000     1.054600
    0.654000     1.049600
    0.664000     1.043900
    0.674000     1.038300
    0.684000     1.033600
    0.694000     1.029100
    0.704000     1.024800
    0.714000     1.019600
    0.724000     1.014800
    0.734000     1.010900
    0.744000     1.007500
    0.754000     1.004000
    0.764000     1.001100
    0.774000     0.998100
    0.784000     0.995600
    0.794000     0.993200
    0.804000     0.991100
    0.814000     0.989100
    0.824000     0.988400
    0.834000     0.987200
    0.844000     0.985800
    0.854000     0.985000
    0.864000     0.985400
    0.874000     0.984400
    0.884000     0.986700
    0.894000     0.987200
    0.904000     0.987700
    0.914000     0.988600
    0.924000     0.991600
    0.934000     0.992700
    0.944000     0.996100
    0.954000     0.997500
    0.964000     1.001100
    0.974000     1.004800
    0.984000     1.007900
    0.994000     1.011900
    1.004000     1.015100
    1.014000     1.019300
    1.024000     1.023600
    1.034000     1.029800
    1.044000     1.035300
    1.054000     1.039400
    1.064000     1.043800
    1.074000     1.049200
    1.084000     1.055600
    1.094000     1.061000
    1.104000     1.066300
    1.114000     1.073700
    1.124000     1.080000
    1.134000     1.084400
    1.144000     1.091500
    1.154000     1.096800
    1.164000     1.103900
    1.174000     1.110000
    1.184000     1.116000
    1.194000     1.121900
    1.204000     1.128600
    1.214000     1.134400
    1.224000     1.140100
    1.234000     1.145500
    1.244000     1.151900
    1.254000     1.158300
    1.264000     1.162400
    1.274000     1.169400
    1.284000     1.173400
    1.294000     1.178100
    1.304000     1.183600
    1.314000     1.189100
    1.324000     1.191500
    1.334000     1.196500
    1.344000     1.200600
    1.354000     1.203400
    1.364000     1.206200
    1.374000     1.210600
    1.384000     1.212900
    1.394000     1.214000
    1.404000     1.217200
    1.414000     1.219100
    1.424000     1.219700
    1.434000     1.222200
    1.444000     1.222700
    1.454000     1.222900
    1.464000     1.222200
    1.474000     1.222000
    1.484000     1.220800
    1.494000     1.220500
    1.504000     1.220200
    1.514000     1.217500
    1.524000     1.214600
    1.534000     1.212700
    1.544000     1.209700
    1.554000     1.205700
    1.564000     1.202200
    1.574000     1.198100
    1.584000     1.194700
    1.594000     1.189100
    1.604000     1.184500
    1.614000     1.179600
    1.624000     1.172900
    1.634000     1.167100
    1.644000     1.160100
    1.654000     1.153300
    1.664000     1.147100
    1.674000     1.139000
    1.684000     1.131900
    1.694000     1.123900
    1.704000     1.115700
    1.714000     1.106400
    1.724000     1.098500
    1.734000     1.089100
    1.744000     1.080900
    1.754000     1.070800
    1.764000     1.061800
    1.774000     1.050700
    1.784000     1.040600
    1.794000     1.031800
    1.804000     1.021900
    1.814000     1.011900
    1.824000     1.000200
    1.834000     0.990400
    1.844000     0.981800
    1.854000     0.969200
    1.864000     0.960000
    1.874000     0.948500
    1.884000     0.938300
    1.894000     0.927200
    1.904000     0.917000
    1.914000     0.906400
    1.924000     0.896700
    1.934000     0.886200
    1.944000     0.875800
    1.954000     0.865600
    1.964000     0.856400
    1.974000     0.846400
    1.984000     0.836900
    1.994000     0.828100
    2.004000     0.817900
    2.014000     0.809600
    2.024000     0.800700
    2.034000     0.791800
    2.044000     0.785300
    2.054000     0.776900
    2.064000     0.769600
    2.074000     0.762800
    2.084000     0.754900
    2.094000     0.749100
    2.104000     0.743000
    2.114000     0.738000
    2.124000     0.731900
    2.134000     0.726300
    2.144000     0.722800
    2.154000     0.717500
    2.164000     0.714500
    2.174000     0.710600
    2.184000     0.709200
    2.194000     0.706900
    2.204000     0.704700
    2.214000     0.702500
    2.224000     0.700900
    2.234000     0.700600
    2.244000     0.699100
    2.254000     0.701000
    2.264000     0.701300
    2.274000     0.702500
    2.284000     0.704100
    2.294000     0.706800
    2.304000     0.708600
    2.314000     0.710700
    2.324000     0.714900
    2.334000     0.718500
    2.344000     0.723100
    2.354000     0.728000
    2.364000     0.732800
    2.374000     0.738000
    2.384000     0.743100
    2.394000     0.749600
    2.404000     0.756900
    2.414000     0.763600
    2.424000     0.770300
    2.434000     0.778200
    2.444000     0.786000
    2.454000     0.793200
    2.464000     0.801200
    2.474000     0.810400
    2.484000     0.817500
    2.494000     0.827000
    2.504000     0.836200
    2.514000     0.845500
    2.524000     0.854800
    2.534000     0.864200
    2.544000     0.873600
    2.554000     0.883000
    2.564000     0.893200
    2.574000     0.902600
    2.584000     0.911800
    2.594000     0.921100
    2.604000     0.932400
    2.614000     0.941500
    2.624000     0.950600
    2.634000     0.959500
    2.644000     0.968300
    2.654000     0.978000
    2.664000     0.986700
    2.674000     0.995100
    2.684000     1.003400
    2.694000     1.012600
    2.704000     1.018900
    2.714000     1.027700
    2.724000     1.033400
    2.734000     1.041100
    2.744000     1.049400
    2.754000     1.053500
    2.764000     1.059700
    2.774000     1.066300
    2.784000     1.071000
    2.794000     1.076400
    2.804000     1.079500
    2.814000     1.084400
    2.824000     1.087100
    2.834000     1.090600
    2.844000     1.092700
    2.854000     1.095200
    2.864000     1.094600
    2.874000     1.095800
    2.884000     1.096800
    2.894000     1.096600
    2.904000     1.097100
    2.914000     1.094600
    2.924000     1.093000
    2.934000     1.090900
    2.944000     1.088800
    2.954000     1.084400
    2.964000     1.080800
    2.974000     1.076100
    2.984000     1.070000
    2.994000     1.063900
    3.004000     1.059300
    3.014000     1.051300
    3.024000     1.045000
    3.034000     1.036600
    3.044000     1.027700
    3.054000     1.019000
    3.064000     1.010700
    3.074000     1.000400
    3.084000     0.989700
    3.094000     0.979100
    3.104000     0.968100
    3.114000     0.956900
    3.124000     0.944600
    3.134000     0.932000
    3.144000     0.917400
    3.154000     0.906600
    3.164000     0.892600
    3.174000     0.877500
    3.184000     0.864400
    3.194000     0.850100
    3.204000     0.835300
    3.214000     0.819900
    3.224000     0.804100
    3.234000     0.788400
    3.244000     0.772500
    3.254000     0.755600
    3.264000     0.740600
    3.274000     0.723400
    3.284000     0.707400
    3.294000     0.690400
    3.304000     0.672800
    3.314000     0.657200
    3.324000     0.639500
    3.334000     0.622900
    3.344000     0.605600
    3.354000     0.589200
    3.364000     0.571800
    3.374000     0.554500
    3.384000     0.537900
    3.394000     0.520900
    3.404000     0.504100
    3.414000     0.487400
    3.424000     0.470800
    3.434000     0.454330
    3.444000     0.438180
    3.454000     0.421980
    3.464000     0.405790
    3.474000     0.390000
    3.484000     0.374530
    3.494000     0.358980
    3.504000     0.343890
    3.514000     0.329000
    3.524000     0.314150
    3.534000     0.299590
    3.544000     0.285510
    3.554000     0.271690
    3.564000     0.257820
    3.574000     0.244720
    3.584000     0.231480
    3.594000     0.218790
    3.604000     0.206270
    3.614000     0.194090
    3.624000     0.182300
    3.634000     0.170850
    3.644000     0.159560
    3.654000     0.148720
    3.664000     0.138220
    3.674000     0.127810
    3.684000     0.118105
    3.694000     0.108489
    3.704000     0.099033
    3.714000     0.090158
    3.724000     0.081733
    3.734000     0.073438
    3.744000     0.065328
    3.754000     0.057750
    3.764000     0.050508
    3.774000     0.043474
    3.784000     0.036768
    3.794000     0.030367
    3.804000     0.024279
    3.814000     0.018499
    3.824000     0.012987
    3.834000     0.007752
    3.844000     0.002837
    3.854000    -0.001835
    3.864000    -0.006233
    3.874000    -0.010359
    3.884000    -0.014233
    3.894000    -0.017877
    3.904000    -0.021259
    3.914000    -0.024411
    3.924000    -0.027333
    3.934000    -0.030041
    3.944000    -0.032553
    3.954000    -0.034849
    3.964000    -0.036920
    3.974000    -0.038810
    3.984000    -0.040500
    3.994000    -0.042060
    4.004000    -0.043420
    4.014000    -0.044600
    4.024000    -0.045660
    4.034000    -0.046550
    4.044000    -0.047310
    4.054000    -0.047910
    4.064000    -0.048390
    4.074000    -0.048770
    4.084000    -0.049020
    4.094000    -0.049160
    4.104000    -0.049190
    4.114000    -0.049130
    4.124000    -0.048990
    4.134000    -0.048750
    4.144000    -0.048440
    4.154000    -0.048050
    4.164000    -0.047590
    4.174000    -0.047080
    4.184000    -0.046510
    4.194000    -0.045880
    4.204000    -0.045190
    4.214000    -0.044480
    4.224000    -0.043720
    4.234000    -0.042910
    4.244000    -0.042087
    4.254000    -0.041238
    4.264000    -0.040369
    4.274000    -0.039459
    4.284000    -0.038529
    4.294000    -0.037599
    4.304000    -0.036669
    4.314000    -0.035698
    4.324000    -0.034769
    4.334000    -0.033799
    4.344000    -0.032826
    4.354000    -0.031866
    4.364000    -0.030923
    4.374000    -0.029976
    4.384000    -0.029021
    4.394000    -0.028086
    4.404000    -0.027142
    4.414000    -0.026242
    4.424000    -0.025322
    4.434000    -0.024440
    4.444000    -0.023553
    4.454000    -0.022716
    4.464000    -0.021846
    4.474000    -0.021017
    4.484000    -0.020213
    4.494000    -0.019431
    4.504000    -0.018654
    4.514000    -0.017900
    4.524000    -0.017158
    4.534000    -0.016452
    4.544000    -0.015769
    4.554000    -0.015089
    4.564000    -0.014418
    4.574000    -0.013792
    4.584000    -0.013182
    4.594000    -0.012570
    4.604000    -0.012003
    4.614000    -0.011442
    4.624000    -0.010908
    4.634000    -0.010392
    4.644000    -0.009894
    4.654000    -0.009410
    4.664000    -0.008954
    4.674000    -0.008506
    4.684000    -0.008075
    4.694000    -0.007680
    4.704000    -0.007284
    4.714000    -0.006901
    4.724000    -0.006535
    4.734000    -0.006187
    4.744000    -0.005863
    4.754000    -0.005554
    4.764000    -0.005245
    4.774000    -0.004960
    4.784000    -0.004684
    4.794000    -0.004423
    4.804000    -0.004174
    4.814000    -0.003935
    4.824000    -0.003711
    4.834000    -0.003496
    4.844000    -0.003293
    4.854000    -0.003097
    4.864000    -0.002913
    4.874000    -0.002739
    4.884000    -0.002574
    4.894000    -0.002418
    4.904000    -0.002269
    4.914000    -0.002129
    4.924000    -0.001998
    4.934000    -0.001870
    4.944000    -0.001753
    4.954000    -0.001642
    4.964000    -0.001536
    4.974000    -0.001439
    4.984000    -0.001344
    4.994000    -0.001254
    5.004000    -0.001172
    5.014000    -0.001095
    5.024000    -0.001021
    5.034000    -0.000953
    5.044000    -0.000888
    5.054000    -0.000828
    5.064000    -0.000770
    5.074000    -0.000717
    5.084000    -0.000667
    5.094000    -0.000620
    5.104000    -0.000576
    5.114000    -0.000535
    5.124000    -0.000497
    5.134000    -0.000461
    5.144000    -0.000428
    5.154000    -0.000397
    5.164000    -0.000368
    5.174000    -0.000341
    5.184000    -0.000315
    5.194000    -0.000292
    5.204000    -0.000270
    5.214000    -0.000249
    5.224000    -0.000230
    5.234000    -0.000213
    5.244000    -0.000197
    5.254000    -0.000181
    5.264000    -0.000167
    5.274000    -0.000154
    5.284000    -0.000142
    5.294000    -0.000131
