# Energy    Summed_PDOS
  -27.116000    -0.000002
  -27.106000    -0.000002
  -27.096000    -0.000003
  -27.086000    -0.000003
  -27.076000    -0.000003
  -27.066000    -0.000003
  -27.056000    -0.000004
  -27.046000    -0.000004
  -27.036000    -0.000004
  -27.026000    -0.000005
  -27.016000    -0.000005
  -27.006000    -0.000005
  -26.996000    -0.000006
  -26.986000    -0.000006
  -26.976000    -0.000006
  -26.966000    -0.000007
  -26.956000    -0.000007
  -26.946000    -0.000008
  -26.936000    -0.000008
  -26.926000    -0.000009
  -26.916000    -0.000010
  -26.906000    -0.000010
  -26.896000    -0.000011
  -26.886000    -0.000012
  -26.876000    -0.000012
  -26.866000    -0.000013
  -26.856000    -0.000014
  -26.846000    -0.000015
  -26.836000    -0.000016
  -26.826000    -0.000017
  -26.816000    -0.000018
  -26.806000    -0.000019
  -26.796000    -0.000020
  -26.786000    -0.000022
  -26.776000    -0.000023
  -26.766000    -0.000024
  -26.756000    -0.000026
  -26.746000    -0.000027
  -26.736000    -0.000029
  -26.726000    -0.000030
  -26.716000    -0.000032
  -26.706000    -0.000034
  -26.696000    -0.000036
  -26.686000    -0.000038
  -26.676000    -0.000040
  -26.666000    -0.000042
  -26.656000    -0.000044
  -26.646000    -0.000046
  -26.636000    -0.000049
  -26.626000    -0.000051
  -26.616000    -0.000054
  -26.606000    -0.000056
  -26.596000    -0.000059
  -26.586000    -0.000062
  -26.576000    -0.000065
  -26.566000    -0.000068
  -26.556000    -0.000071
  -26.546000    -0.000074
  -26.536000    -0.000077
  -26.526000    -0.000081
  -26.516000    -0.000084
  -26.506000    -0.000088
  -26.496000    -0.000091
  -26.486000    -0.000095
  -26.476000    -0.000099
  -26.466000    -0.000103
  -26.456000    -0.000106
  -26.446000    -0.000111
  -26.436000    -0.000114
  -26.426000    -0.000118
  -26.416000    -0.000123
  -26.406000    -0.000127
  -26.396000    -0.000131
  -26.386000    -0.000135
  -26.376000    -0.000139
  -26.366000    -0.000144
  -26.356000    -0.000148
  -26.346000    -0.000152
  -26.336000    -0.000156
  -26.326000    -0.000160
  -26.316000    -0.000164
  -26.306000    -0.000168
  -26.296000    -0.000172
  -26.286000    -0.000176
  -26.276000    -0.000179
  -26.266000    -0.000183
  -26.256000    -0.000186
  -26.246000    -0.000189
  -26.236000    -0.000192
  -26.226000    -0.000195
  -26.216000    -0.000197
  -26.206000    -0.000199
  -26.196000    -0.000201
  -26.186000    -0.000203
  -26.176000    -0.000204
  -26.166000    -0.000205
  -26.156000    -0.000205
  -26.146000    -0.000205
  -26.136000    -0.000205
  -26.126000    -0.000204
  -26.116000    -0.000202
  -26.106000    -0.000201
  -26.096000    -0.000198
  -26.086000    -0.000195
  -26.076000    -0.000191
  -26.066000    -0.000186
  -26.056000    -0.000181
  -26.046000    -0.000175
  -26.036000    -0.000168
  -26.026000    -0.000161
  -26.016000    -0.000152
  -26.006000    -0.000143
  -25.996000    -0.000133
  -25.986000    -0.000122
  -25.976000    -0.000110
  -25.966000    -0.000097
  -25.956000    -0.000083
  -25.946000    -0.000067
  -25.936000    -0.000051
  -25.926000    -0.000034
  -25.916000    -0.000015
  -25.906000     0.000005
  -25.896000     0.000026
  -25.886000     0.000048
  -25.876000     0.000071
  -25.866000     0.000096
  -25.856000     0.000122
  -25.846000     0.000150
  -25.836000     0.000178
  -25.826000     0.000208
  -25.816000     0.000240
  -25.806000     0.000273
  -25.796000     0.000307
  -25.786000     0.000343
  -25.776000     0.000379
  -25.766000     0.000419
  -25.756000     0.000458
  -25.746000     0.000499
  -25.736000     0.000542
  -25.726000     0.000585
  -25.716000     0.000631
  -25.706000     0.000677
  -25.696000     0.000727
  -25.686000     0.000775
  -25.676000     0.000825
  -25.666000     0.000876
  -25.656000     0.000930
  -25.646000     0.000984
  -25.636000     0.001040
  -25.626000     0.001096
  -25.616000     0.001154
  -25.606000     0.001213
  -25.596000     0.001272
  -25.586000     0.001332
  -25.576000     0.001393
  -25.566000     0.001455
  -25.556000     0.001518
  -25.546000     0.001582
  -25.536000     0.001646
  -25.526000     0.001711
  -25.516000     0.001775
  -25.506000     0.001841
  -25.496000     0.001907
  -25.486000     0.001971
  -25.476000     0.002037
  -25.466000     0.002103
  -25.456000     0.002169
  -25.446000     0.002235
  -25.436000     0.002301
  -25.426000     0.002366
  -25.416000     0.002431
  -25.406000     0.002495
  -25.396000     0.002559
  -25.386000     0.002622
  -25.376000     0.002684
  -25.366000     0.002742
  -25.356000     0.002810
  -25.346000     0.002866
  -25.336000     0.002921
  -25.326000     0.002978
  -25.316000     0.003032
  -25.306000     0.003085
  -25.296000     0.003137
  -25.286000     0.003189
  -25.276000     0.003239
  -25.266000     0.003283
  -25.256000     0.003338
  -25.246000     0.003371
  -25.236000     0.003414
  -25.226000     0.003456
  -25.216000     0.003498
  -25.206000     0.003529
  -25.196000     0.003559
  -25.186000     0.003588
  -25.176000     0.003617
  -25.166000     0.003635
  -25.156000     0.003662
  -25.146000     0.003688
  -25.136000     0.003704
  -25.126000     0.003717
  -25.116000     0.003737
  -25.106000     0.003738
  -25.096000     0.003748
  -25.086000     0.003758
  -25.076000     0.003758
  -25.066000     0.003758
  -25.056000     0.003748
  -25.046000     0.003738
  -25.036000     0.003737
  -25.026000     0.003717
  -25.016000     0.003705
  -25.006000     0.003689
  -24.996000     0.003664
  -24.986000     0.003657
  -24.976000     0.003629
  -24.966000     0.003600
  -24.956000     0.003561
  -24.946000     0.003530
  -24.936000     0.003500
  -24.926000     0.003468
  -24.916000     0.003427
  -24.906000     0.003384
  -24.896000     0.003340
  -24.886000     0.003296
  -24.876000     0.003244
  -24.866000     0.003203
  -24.856000     0.003153
  -24.846000     0.003101
  -24.836000     0.003047
  -24.826000     0.002993
  -24.816000     0.002928
  -24.806000     0.002873
  -24.796000     0.002816
  -24.786000     0.002759
  -24.776000     0.002691
  -24.766000     0.002632
  -24.756000     0.002569
  -24.746000     0.002505
  -24.736000     0.002443
  -24.726000     0.002378
  -24.716000     0.002312
  -24.706000     0.002248
  -24.696000     0.002182
  -24.686000     0.002116
  -24.676000     0.002050
  -24.666000     0.001984
  -24.656000     0.001918
  -24.646000     0.001852
  -24.636000     0.001786
  -24.626000     0.001721
  -24.616000     0.001658
  -24.606000     0.001593
  -24.596000     0.001530
  -24.586000     0.001466
  -24.576000     0.001404
  -24.566000     0.001343
  -24.556000     0.001283
  -24.546000     0.001224
  -24.536000     0.001164
  -24.526000     0.001106
  -24.516000     0.001050
  -24.506000     0.000995
  -24.496000     0.000939
  -24.486000     0.000887
  -24.476000     0.000834
  -24.466000     0.000784
  -24.456000     0.000734
  -24.446000     0.000687
  -24.436000     0.000639
  -24.426000     0.000593
  -24.416000     0.000550
  -24.406000     0.000506
  -24.396000     0.000465
  -24.386000     0.000424
  -24.376000     0.000386
  -24.366000     0.000350
  -24.356000     0.000313
  -24.346000     0.000279
  -24.336000     0.000246
  -24.326000     0.000214
  -24.316000     0.000183
  -24.306000     0.000154
  -24.296000     0.000127
  -24.286000     0.000101
  -24.276000     0.000076
  -24.266000     0.000052
  -24.256000     0.000029
  -24.246000     0.000008
  -24.236000    -0.000012
  -24.226000    -0.000031
  -24.216000    -0.000048
  -24.206000    -0.000065
  -24.196000    -0.000080
  -24.186000    -0.000094
  -24.176000    -0.000108
  -24.166000    -0.000120
  -24.156000    -0.000131
  -24.146000    -0.000142
  -24.136000    -0.000151
  -24.126000    -0.000160
  -24.116000    -0.000167
  -24.106000    -0.000174
  -24.096000    -0.000180
  -24.086000    -0.000186
  -24.076000    -0.000190
  -24.066000    -0.000194
  -24.056000    -0.000197
  -24.046000    -0.000200
  -24.036000    -0.000202
  -24.026000    -0.000204
  -24.016000    -0.000205
  -24.006000    -0.000205
  -23.996000    -0.000205
  -23.986000    -0.000205
  -23.976000    -0.000204
  -23.966000    -0.000203
  -23.956000    -0.000202
  -23.946000    -0.000200
  -23.936000    -0.000198
  -23.926000    -0.000195
  -23.916000    -0.000193
  -23.906000    -0.000190
  -23.896000    -0.000187
  -23.886000    -0.000183
  -23.876000    -0.000180
  -23.866000    -0.000176
  -23.856000    -0.000173
  -23.846000    -0.000169
  -23.836000    -0.000165
  -23.826000    -0.000161
  -23.816000    -0.000157
  -23.806000    -0.000153
  -23.796000    -0.000148
  -23.786000    -0.000144
  -23.776000    -0.000140
  -23.766000    -0.000136
  -23.756000    -0.000132
  -23.746000    -0.000128
  -23.736000    -0.000123
  -23.726000    -0.000119
  -23.716000    -0.000115
  -23.706000    -0.000111
  -23.696000    -0.000107
  -23.686000    -0.000103
  -23.676000    -0.000099
  -23.666000    -0.000096
  -23.656000    -0.000092
  -23.646000    -0.000088
  -23.636000    -0.000085
  -23.626000    -0.000081
  -23.616000    -0.000078
  -23.606000    -0.000075
  -23.596000    -0.000071
  -23.586000    -0.000068
  -23.576000    -0.000065
  -23.566000    -0.000062
  -23.556000    -0.000060
  -23.546000    -0.000057
  -23.536000    -0.000054
  -23.526000    -0.000052
  -23.516000    -0.000049
  -23.506000    -0.000047
  -23.496000    -0.000044
  -23.486000    -0.000042
  -23.476000    -0.000040
  -23.466000    -0.000038
  -23.456000    -0.000036
  -23.446000    -0.000034
  -23.436000    -0.000032
  -23.426000    -0.000031
  -23.416000    -0.000029
  -23.406000    -0.000027
  -23.396000    -0.000026
  -23.386000    -0.000025
  -23.376000    -0.000023
  -23.366000    -0.000022
  -23.356000    -0.000021
  -23.346000    -0.000019
  -23.336000    -0.000018
  -23.326000    -0.000017
  -23.316000    -0.000016
  -23.306000    -0.000015
  -23.296000    -0.000014
  -23.286000    -0.000013
  -23.276000    -0.000013
  -23.266000    -0.000012
  -23.256000    -0.000011
  -23.246000    -0.000010
  -23.236000    -0.000010
  -23.226000    -0.000009
  -23.216000    -0.000009
  -23.206000    -0.000008
  -23.196000    -0.000007
  -23.186000    -0.000007
  -23.176000    -0.000007
  -23.166000    -0.000006
  -23.156000    -0.000006
  -23.146000    -0.000005
  -23.136000    -0.000005
  -23.126000    -0.000005
  -23.116000    -0.000004
  -23.106000    -0.000004
  -23.096000    -0.000004
  -23.086000    -0.000003
  -23.076000    -0.000003
  -23.066000    -0.000003
  -23.056000    -0.000003
  -23.046000    -0.000003
  -23.036000    -0.000002
  -23.026000    -0.000002
  -23.016000    -0.000002
  -23.006000    -0.000002
  -22.996000    -0.000002
  -22.986000    -0.000002
  -22.976000    -0.000001
  -22.966000    -0.000001
  -22.956000    -0.000001
  -22.946000    -0.000001
  -22.936000    -0.000001
  -22.926000    -0.000001
  -22.916000    -0.000001
  -22.906000    -0.000001
  -22.896000    -0.000001
  -22.886000    -0.000001
  -22.876000    -0.000001
  -22.866000    -0.000001
  -22.856000    -0.000001
  -22.846000    -0.000001
  -22.836000    -0.000000
  -22.826000    -0.000000
  -22.816000    -0.000000
  -22.806000    -0.000000
  -22.796000    -0.000000
  -22.786000    -0.000000
  -22.776000    -0.000000
  -22.766000    -0.000000
  -22.756000    -0.000000
  -22.746000    -0.000000
  -22.736000    -0.000000
  -22.726000    -0.000000
  -22.716000    -0.000000
  -22.706000    -0.000000
  -22.696000    -0.000000
  -22.686000    -0.000000
  -22.676000    -0.000000
  -22.666000    -0.000000
  -22.656000    -0.000000
  -22.646000    -0.000000
  -22.636000    -0.000000
  -22.626000    -0.000000
  -22.616000    -0.000000
  -22.606000    -0.000000
  -22.596000    -0.000000
  -22.586000    -0.000000
  -22.576000    -0.000000
  -22.566000    -0.000000
  -22.556000    -0.000000
  -22.546000    -0.000000
  -22.536000    -0.000000
  -22.526000    -0.000000
  -22.516000    -0.000000
  -22.506000    -0.000000
  -22.496000    -0.000000
  -22.486000    -0.000000
  -22.476000    -0.000000
  -22.466000    -0.000000
  -22.456000    -0.000000
  -22.446000    -0.000000
  -22.436000    -0.000000
  -22.426000    -0.000000
  -22.416000    -0.000000
  -22.406000    -0.000000
  -22.396000    -0.000000
  -22.386000    -0.000000
  -22.376000    -0.000000
  -22.366000    -0.000000
  -22.356000    -0.000000
  -22.346000    -0.000001
  -22.336000    -0.000001
  -22.326000    -0.000001
  -22.316000    -0.000001
  -22.306000    -0.000001
  -22.296000    -0.000001
  -22.286000    -0.000001
  -22.276000    -0.000001
  -22.266000    -0.000001
  -22.256000    -0.000001
  -22.246000    -0.000001
  -22.236000    -0.000001
  -22.226000    -0.000001
  -22.216000    -0.000001
  -22.206000    -0.000001
  -22.196000    -0.000002
  -22.186000    -0.000002
  -22.176000    -0.000002
  -22.166000    -0.000002
  -22.156000    -0.000002
  -22.146000    -0.000002
  -22.136000    -0.000002
  -22.126000    -0.000003
  -22.116000    -0.000003
  -22.106000    -0.000003
  -22.096000    -0.000003
  -22.086000    -0.000003
  -22.076000    -0.000004
  -22.066000    -0.000004
  -22.056000    -0.000004
  -22.046000    -0.000004
  -22.036000    -0.000005
  -22.026000    -0.000005
  -22.016000    -0.000005
  -22.006000    -0.000005
  -21.996000    -0.000006
  -21.986000    -0.000006
  -21.976000    -0.000006
  -21.966000    -0.000007
  -21.956000    -0.000007
  -21.946000    -0.000008
  -21.936000    -0.000008
  -21.926000    -0.000009
  -21.916000    -0.000009
  -21.906000    -0.000010
  -21.896000    -0.000010
  -21.886000    -0.000011
  -21.876000    -0.000011
  -21.866000    -0.000012
  -21.856000    -0.000012
  -21.846000    -0.000013
  -21.836000    -0.000014
  -21.826000    -0.000014
  -21.816000    -0.000015
  -21.806000    -0.000016
  -21.796000    -0.000016
  -21.786000    -0.000017
  -21.776000    -0.000018
  -21.766000    -0.000019
  -21.756000    -0.000020
  -21.746000    -0.000021
  -21.736000    -0.000021
  -21.726000    -0.000022
  -21.716000    -0.000023
  -21.706000    -0.000024
  -21.696000    -0.000025
  -21.686000    -0.000026
  -21.676000    -0.000027
  -21.666000    -0.000028
  -21.656000    -0.000029
  -21.646000    -0.000030
  -21.636000    -0.000031
  -21.626000    -0.000032
  -21.616000    -0.000034
  -21.606000    -0.000035
  -21.596000    -0.000036
  -21.586000    -0.000037
  -21.576000    -0.000038
  -21.566000    -0.000039
  -21.556000    -0.000040
  -21.546000    -0.000041
  -21.536000    -0.000042
  -21.526000    -0.000043
  -21.516000    -0.000044
  -21.506000    -0.000045
  -21.496000    -0.000046
  -21.486000    -0.000047
  -21.476000    -0.000048
  -21.466000    -0.000049
  -21.456000    -0.000050
  -21.446000    -0.000050
  -21.436000    -0.000051
  -21.426000    -0.000052
  -21.416000    -0.000052
  -21.406000    -0.000053
  -21.396000    -0.000053
  -21.386000    -0.000054
  -21.376000    -0.000054
  -21.366000    -0.000054
  -21.356000    -0.000054
  -21.346000    -0.000054
  -21.336000    -0.000053
  -21.326000    -0.000053
  -21.316000    -0.000052
  -21.306000    -0.000052
  -21.296000    -0.000051
  -21.286000    -0.000050
  -21.276000    -0.000049
  -21.266000    -0.000047
  -21.256000    -0.000045
  -21.246000    -0.000044
  -21.236000    -0.000042
  -21.226000    -0.000039
  -21.216000    -0.000037
  -21.206000    -0.000034
  -21.196000    -0.000031
  -21.186000    -0.000028
  -21.176000    -0.000024
  -21.166000    -0.000021
  -21.156000    -0.000017
  -21.146000    -0.000012
  -21.136000    -0.000008
  -21.126000    -0.000003
  -21.116000     0.000003
  -21.106000     0.000008
  -21.096000     0.000014
  -21.086000     0.000020
  -21.076000     0.000027
  -21.066000     0.000034
  -21.056000     0.000041
  -21.046000     0.000049
  -21.036000     0.000057
  -21.026000     0.000065
  -21.016000     0.000074
  -21.006000     0.000083
  -20.996000     0.000092
  -20.986000     0.000102
  -20.976000     0.000112
  -20.966000     0.000122
  -20.956000     0.000133
  -20.946000     0.000144
  -20.936000     0.000156
  -20.926000     0.000168
  -20.916000     0.000180
  -20.906000     0.000193
  -20.896000     0.000205
  -20.886000     0.000219
  -20.876000     0.000233
  -20.866000     0.000247
  -20.856000     0.000261
  -20.846000     0.000275
  -20.836000     0.000290
  -20.826000     0.000305
  -20.816000     0.000321
  -20.806000     0.000336
  -20.796000     0.000352
  -20.786000     0.000367
  -20.776000     0.000384
  -20.766000     0.000400
  -20.756000     0.000416
  -20.746000     0.000433
  -20.736000     0.000450
  -20.726000     0.000467
  -20.716000     0.000484
  -20.706000     0.000501
  -20.696000     0.000517
  -20.686000     0.000534
  -20.676000     0.000551
  -20.666000     0.000568
  -20.656000     0.000586
  -20.646000     0.000603
  -20.636000     0.000618
  -20.626000     0.000636
  -20.616000     0.000653
  -20.606000     0.000668
  -20.596000     0.000684
  -20.586000     0.000701
  -20.576000     0.000716
  -20.566000     0.000732
  -20.556000     0.000747
  -20.546000     0.000760
  -20.536000     0.000775
  -20.526000     0.000789
  -20.516000     0.000803
  -20.506000     0.000816
  -20.496000     0.000828
  -20.486000     0.000841
  -20.476000     0.000853
  -20.466000     0.000863
  -20.456000     0.000873
  -20.446000     0.000884
  -20.436000     0.000894
  -20.426000     0.000903
  -20.416000     0.000910
  -20.406000     0.000918
  -20.396000     0.000926
  -20.386000     0.000932
  -20.376000     0.000938
  -20.366000     0.000942
  -20.356000     0.000947
  -20.346000     0.000951
  -20.336000     0.000954
  -20.326000     0.000956
  -20.316000     0.000957
  -20.306000     0.000958
  -20.296000     0.000959
  -20.286000     0.000958
  -20.276000     0.000957
  -20.266000     0.000955
  -20.256000     0.000953
  -20.246000     0.000949
  -20.236000     0.000946
  -20.226000     0.000941
  -20.216000     0.000935
  -20.206000     0.000929
  -20.196000     0.000922
  -20.186000     0.000916
  -20.176000     0.000908
  -20.166000     0.000900
  -20.156000     0.000890
  -20.146000     0.000880
  -20.136000     0.000871
  -20.126000     0.000860
  -20.116000     0.000849
  -20.106000     0.000837
  -20.096000     0.000826
  -20.086000     0.000813
  -20.076000     0.000800
  -20.066000     0.000787
  -20.056000     0.000773
  -20.046000     0.000759
  -20.036000     0.000745
  -20.026000     0.000730
  -20.016000     0.000715
  -20.006000     0.000702
  -19.996000     0.000686
  -19.986000     0.000670
  -19.976000     0.000656
  -19.966000     0.000640
  -19.956000     0.000625
  -19.946000     0.000610
  -19.936000     0.000594
  -19.926000     0.000578
  -19.916000     0.000564
  -19.906000     0.000548
  -19.896000     0.000532
  -19.886000     0.000518
  -19.876000     0.000503
  -19.866000     0.000488
  -19.856000     0.000474
  -19.846000     0.000461
  -19.836000     0.000447
  -19.826000     0.000433
  -19.816000     0.000420
  -19.806000     0.000408
  -19.796000     0.000396
  -19.786000     0.000384
  -19.776000     0.000373
  -19.766000     0.000362
  -19.756000     0.000351
  -19.746000     0.000341
  -19.736000     0.000331
  -19.726000     0.000322
  -19.716000     0.000314
  -19.706000     0.000306
  -19.696000     0.000299
  -19.686000     0.000292
  -19.676000     0.000286
  -19.666000     0.000281
  -19.656000     0.000275
  -19.646000     0.000271
  -19.636000     0.000267
  -19.626000     0.000263
  -19.616000     0.000261
  -19.606000     0.000259
  -19.596000     0.000257
  -19.586000     0.000256
  -19.576000     0.000255
  -19.566000     0.000255
  -19.556000     0.000256
  -19.546000     0.000257
  -19.536000     0.000259
  -19.526000     0.000261
  -19.516000     0.000264
  -19.506000     0.000267
  -19.496000     0.000271
  -19.486000     0.000275
  -19.476000     0.000280
  -19.466000     0.000285
  -19.456000     0.000289
  -19.446000     0.000296
  -19.436000     0.000302
  -19.426000     0.000308
  -19.416000     0.000315
  -19.406000     0.000323
  -19.396000     0.000330
  -19.386000     0.000338
  -19.376000     0.000347
  -19.366000     0.000354
  -19.356000     0.000363
  -19.346000     0.000371
  -19.336000     0.000380
  -19.326000     0.000389
  -19.316000     0.000397
  -19.306000     0.000407
  -19.296000     0.000416
  -19.286000     0.000425
  -19.276000     0.000434
  -19.266000     0.000443
  -19.256000     0.000452
  -19.246000     0.000460
  -19.236000     0.000469
  -19.226000     0.000478
  -19.216000     0.000486
  -19.206000     0.000494
  -19.196000     0.000503
  -19.186000     0.000511
  -19.176000     0.000518
  -19.166000     0.000526
  -19.156000     0.000532
  -19.146000     0.000541
  -19.136000     0.000547
  -19.126000     0.000553
  -19.116000     0.000559
  -19.106000     0.000564
  -19.096000     0.000568
  -19.086000     0.000574
  -19.076000     0.000578
  -19.066000     0.000582
  -19.056000     0.000585
  -19.046000     0.000589
  -19.036000     0.000591
  -19.026000     0.000593
  -19.016000     0.000596
  -19.006000     0.000597
  -18.996000     0.000598
  -18.986000     0.000598
  -18.976000     0.000598
  -18.966000     0.000598
  -18.956000     0.000596
  -18.946000     0.000595
  -18.936000     0.000593
  -18.926000     0.000591
  -18.916000     0.000588
  -18.906000     0.000586
  -18.896000     0.000582
  -18.886000     0.000578
  -18.876000     0.000573
  -18.866000     0.000568
  -18.856000     0.000562
  -18.846000     0.000556
  -18.836000     0.000550
  -18.826000     0.000544
  -18.816000     0.000537
  -18.806000     0.000530
  -18.796000     0.000523
  -18.786000     0.000514
  -18.776000     0.000507
  -18.766000     0.000497
  -18.756000     0.000488
  -18.746000     0.000479
  -18.736000     0.000470
  -18.726000     0.000461
  -18.716000     0.000451
  -18.706000     0.000441
  -18.696000     0.000431
  -18.686000     0.000420
  -18.676000     0.000409
  -18.666000     0.000399
  -18.656000     0.000388
  -18.646000     0.000378
  -18.636000     0.000366
  -18.626000     0.000355
  -18.616000     0.000343
  -18.606000     0.000332
  -18.596000     0.000321
  -18.586000     0.000309
  -18.576000     0.000298
  -18.566000     0.000286
  -18.556000     0.000275
  -18.546000     0.000264
  -18.536000     0.000253
  -18.526000     0.000241
  -18.516000     0.000230
  -18.506000     0.000219
  -18.496000     0.000208
  -18.486000     0.000197
  -18.476000     0.000186
  -18.466000     0.000175
  -18.456000     0.000165
  -18.446000     0.000154
  -18.436000     0.000144
  -18.426000     0.000134
  -18.416000     0.000124
  -18.406000     0.000114
  -18.396000     0.000104
  -18.386000     0.000094
  -18.376000     0.000085
  -18.366000     0.000076
  -18.356000     0.000067
  -18.346000     0.000058
  -18.336000     0.000049
  -18.326000     0.000040
  -18.316000     0.000032
  -18.306000     0.000024
  -18.296000     0.000016
  -18.286000     0.000008
  -18.276000     0.000001
  -18.266000    -0.000007
  -18.256000    -0.000014
  -18.246000    -0.000021
  -18.236000    -0.000027
  -18.226000    -0.000034
  -18.216000    -0.000040
  -18.206000    -0.000047
  -18.196000    -0.000052
  -18.186000    -0.000058
  -18.176000    -0.000064
  -18.166000    -0.000069
  -18.156000    -0.000074
  -18.146000    -0.000079
  -18.136000    -0.000084
  -18.126000    -0.000088
  -18.116000    -0.000092
  -18.106000    -0.000097
  -18.096000    -0.000100
  -18.086000    -0.000104
  -18.076000    -0.000108
  -18.066000    -0.000111
  -18.056000    -0.000114
  -18.046000    -0.000117
  -18.036000    -0.000119
  -18.026000    -0.000121
  -18.016000    -0.000123
  -18.006000    -0.000125
  -17.996000    -0.000127
  -17.986000    -0.000128
  -17.976000    -0.000129
  -17.966000    -0.000130
  -17.956000    -0.000130
  -17.946000    -0.000131
  -17.936000    -0.000130
  -17.926000    -0.000130
  -17.916000    -0.000129
  -17.906000    -0.000128
  -17.896000    -0.000127
  -17.886000    -0.000125
  -17.876000    -0.000123
  -17.866000    -0.000121
  -17.856000    -0.000118
  -17.846000    -0.000115
  -17.836000    -0.000111
  -17.826000    -0.000107
  -17.816000    -0.000103
  -17.806000    -0.000098
  -17.796000    -0.000093
  -17.786000    -0.000087
  -17.776000    -0.000081
  -17.766000    -0.000074
  -17.756000    -0.000067
  -17.746000    -0.000059
  -17.736000    -0.000051
  -17.726000    -0.000042
  -17.716000    -0.000033
  -17.706000    -0.000023
  -17.696000    -0.000012
  -17.686000    -0.000001
  -17.676000     0.000010
  -17.666000     0.000022
  -17.656000     0.000035
  -17.646000     0.000048
  -17.636000     0.000062
  -17.626000     0.000077
  -17.616000     0.000092
  -17.606000     0.000108
  -17.596000     0.000124
  -17.586000     0.000142
  -17.576000     0.000159
  -17.566000     0.000178
  -17.556000     0.000197
  -17.546000     0.000216
  -17.536000     0.000237
  -17.526000     0.000258
  -17.516000     0.000279
  -17.506000     0.000301
  -17.496000     0.000324
  -17.486000     0.000348
  -17.476000     0.000371
  -17.466000     0.000396
  -17.456000     0.000421
  -17.446000     0.000446
  -17.436000     0.000473
  -17.426000     0.000499
  -17.416000     0.000527
  -17.406000     0.000554
  -17.396000     0.000581
  -17.386000     0.000609
  -17.376000     0.000638
  -17.366000     0.000668
  -17.356000     0.000697
  -17.346000     0.000726
  -17.336000     0.000757
  -17.326000     0.000787
  -17.316000     0.000818
  -17.306000     0.000849
  -17.296000     0.000879
  -17.286000     0.000910
  -17.276000     0.000940
  -17.266000     0.000972
  -17.256000     0.001003
  -17.246000     0.001033
  -17.236000     0.001064
  -17.226000     0.001094
  -17.216000     0.001124
  -17.206000     0.001154
  -17.196000     0.001184
  -17.186000     0.001213
  -17.176000     0.001243
  -17.166000     0.001271
  -17.156000     0.001299
  -17.146000     0.001326
  -17.136000     0.001354
  -17.126000     0.001380
  -17.116000     0.001406
  -17.106000     0.001432
  -17.096000     0.001456
  -17.086000     0.001480
  -17.076000     0.001504
  -17.066000     0.001525
  -17.056000     0.001546
  -17.046000     0.001567
  -17.036000     0.001587
  -17.026000     0.001604
  -17.016000     0.001622
  -17.006000     0.001639
  -16.996000     0.001655
  -16.986000     0.001670
  -16.976000     0.001683
  -16.966000     0.001694
  -16.956000     0.001706
  -16.946000     0.001717
  -16.936000     0.001724
  -16.926000     0.001732
  -16.916000     0.001738
  -16.906000     0.001744
  -16.896000     0.001747
  -16.886000     0.001749
  -16.876000     0.001751
  -16.866000     0.001751
  -16.856000     0.001751
  -16.846000     0.001748
  -16.836000     0.001744
  -16.826000     0.001740
  -16.816000     0.001735
  -16.806000     0.001728
  -16.796000     0.001719
  -16.786000     0.001710
  -16.776000     0.001700
  -16.766000     0.001687
  -16.756000     0.001675
  -16.746000     0.001661
  -16.736000     0.001647
  -16.726000     0.001630
  -16.716000     0.001612
  -16.706000     0.001596
  -16.696000     0.001578
  -16.686000     0.001557
  -16.676000     0.001536
  -16.666000     0.001515
  -16.656000     0.001493
  -16.646000     0.001471
  -16.636000     0.001447
  -16.626000     0.001423
  -16.616000     0.001397
  -16.606000     0.001373
  -16.596000     0.001346
  -16.586000     0.001321
  -16.576000     0.001294
  -16.566000     0.001266
  -16.556000     0.001238
  -16.546000     0.001211
  -16.536000     0.001182
  -16.526000     0.001155
  -16.516000     0.001125
  -16.506000     0.001096
  -16.496000     0.001068
  -16.486000     0.001038
  -16.476000     0.001009
  -16.466000     0.000979
  -16.456000     0.000952
  -16.446000     0.000921
  -16.436000     0.000893
  -16.426000     0.000864
  -16.416000     0.000835
  -16.406000     0.000807
  -16.396000     0.000778
  -16.386000     0.000751
  -16.376000     0.000724
  -16.366000     0.000695
  -16.356000     0.000668
  -16.346000     0.000643
  -16.336000     0.000617
  -16.326000     0.000591
  -16.316000     0.000565
  -16.306000     0.000541
  -16.296000     0.000517
  -16.286000     0.000493
  -16.276000     0.000470
  -16.266000     0.000447
  -16.256000     0.000424
  -16.246000     0.000403
  -16.236000     0.000382
  -16.226000     0.000361
  -16.216000     0.000342
  -16.206000     0.000323
  -16.196000     0.000304
  -16.186000     0.000286
  -16.176000     0.000268
  -16.166000     0.000251
  -16.156000     0.000235
  -16.146000     0.000219
  -16.136000     0.000204
  -16.126000     0.000189
  -16.116000     0.000175
  -16.106000     0.000162
  -16.096000     0.000149
  -16.086000     0.000137
  -16.076000     0.000125
  -16.066000     0.000113
  -16.056000     0.000103
  -16.046000     0.000092
  -16.036000     0.000083
  -16.026000     0.000073
  -16.016000     0.000065
  -16.006000     0.000056
  -15.996000     0.000048
  -15.986000     0.000041
  -15.976000     0.000034
  -15.966000     0.000028
  -15.956000     0.000021
  -15.946000     0.000016
  -15.936000     0.000010
  -15.926000     0.000005
  -15.916000     0.000000
  -15.906000    -0.000004
  -15.896000    -0.000008
  -15.886000    -0.000012
  -15.876000    -0.000015
  -15.866000    -0.000018
  -15.856000    -0.000021
  -15.846000    -0.000024
  -15.836000    -0.000026
  -15.826000    -0.000028
  -15.816000    -0.000030
  -15.806000    -0.000032
  -15.796000    -0.000034
  -15.786000    -0.000035
  -15.776000    -0.000036
  -15.766000    -0.000037
  -15.756000    -0.000038
  -15.746000    -0.000039
  -15.736000    -0.000040
  -15.726000    -0.000040
  -15.716000    -0.000041
  -15.706000    -0.000041
  -15.696000    -0.000041
  -15.686000    -0.000042
  -15.676000    -0.000042
  -15.666000    -0.000042
  -15.656000    -0.000042
  -15.646000    -0.000042
  -15.636000    -0.000041
  -15.626000    -0.000041
  -15.616000    -0.000041
  -15.606000    -0.000041
  -15.596000    -0.000041
  -15.586000    -0.000040
  -15.576000    -0.000040
  -15.566000    -0.000040
  -15.556000    -0.000039
  -15.546000    -0.000039
  -15.536000    -0.000039
  -15.526000    -0.000039
  -15.516000    -0.000038
  -15.506000    -0.000038
  -15.496000    -0.000038
  -15.486000    -0.000038
  -15.476000    -0.000037
  -15.466000    -0.000037
  -15.456000    -0.000037
  -15.446000    -0.000037
  -15.436000    -0.000037
  -15.426000    -0.000037
  -15.416000    -0.000037
  -15.406000    -0.000037
  -15.396000    -0.000037
  -15.386000    -0.000037
  -15.376000    -0.000037
  -15.366000    -0.000037
  -15.356000    -0.000037
  -15.346000    -0.000037
  -15.336000    -0.000038
  -15.326000    -0.000038
  -15.316000    -0.000038
  -15.306000    -0.000039
  -15.296000    -0.000039
  -15.286000    -0.000040
  -15.276000    -0.000040
  -15.266000    -0.000041
  -15.256000    -0.000041
  -15.246000    -0.000042
  -15.236000    -0.000043
  -15.226000    -0.000043
  -15.216000    -0.000044
  -15.206000    -0.000045
  -15.196000    -0.000046
  -15.186000    -0.000047
  -15.176000    -0.000048
  -15.166000    -0.000049
  -15.156000    -0.000050
  -15.146000    -0.000051
  -15.136000    -0.000052
  -15.126000    -0.000053
  -15.116000    -0.000055
  -15.106000    -0.000056
  -15.096000    -0.000057
  -15.086000    -0.000059
  -15.076000    -0.000060
  -15.066000    -0.000061
  -15.056000    -0.000063
  -15.046000    -0.000064
  -15.036000    -0.000066
  -15.026000    -0.000067
  -15.016000    -0.000069
  -15.006000    -0.000070
  -14.996000    -0.000072
  -14.986000    -0.000073
  -14.976000    -0.000075
  -14.966000    -0.000076
  -14.956000    -0.000078
  -14.946000    -0.000079
  -14.936000    -0.000081
  -14.926000    -0.000082
  -14.916000    -0.000084
  -14.906000    -0.000085
  -14.896000    -0.000086
  -14.886000    -0.000088
  -14.876000    -0.000089
  -14.866000    -0.000090
  -14.856000    -0.000091
  -14.846000    -0.000092
  -14.836000    -0.000093
  -14.826000    -0.000094
  -14.816000    -0.000095
  -14.806000    -0.000095
  -14.796000    -0.000096
  -14.786000    -0.000096
  -14.776000    -0.000096
  -14.766000    -0.000096
  -14.756000    -0.000096
  -14.746000    -0.000096
  -14.736000    -0.000095
  -14.726000    -0.000094
  -14.716000    -0.000093
  -14.706000    -0.000092
  -14.696000    -0.000091
  -14.686000    -0.000089
  -14.676000    -0.000087
  -14.666000    -0.000085
  -14.656000    -0.000082
  -14.646000    -0.000080
  -14.636000    -0.000077
  -14.626000    -0.000073
  -14.616000    -0.000069
  -14.606000    -0.000065
  -14.596000    -0.000061
  -14.586000    -0.000056
  -14.576000    -0.000051
  -14.566000    -0.000045
  -14.556000    -0.000039
  -14.546000    -0.000032
  -14.536000    -0.000025
  -14.526000    -0.000018
  -14.516000    -0.000010
  -14.506000    -0.000002
  -14.496000     0.000007
  -14.486000     0.000016
  -14.476000     0.000026
  -14.466000     0.000037
  -14.456000     0.000048
  -14.446000     0.000059
  -14.436000     0.000071
  -14.426000     0.000083
  -14.416000     0.000096
  -14.406000     0.000110
  -14.396000     0.000124
  -14.386000     0.000139
  -14.376000     0.000154
  -14.366000     0.000170
  -14.356000     0.000187
  -14.346000     0.000204
  -14.336000     0.000222
  -14.326000     0.000241
  -14.316000     0.000259
  -14.306000     0.000278
  -14.296000     0.000299
  -14.286000     0.000319
  -14.276000     0.000340
  -14.266000     0.000363
  -14.256000     0.000385
  -14.246000     0.000409
  -14.236000     0.000432
  -14.226000     0.000456
  -14.216000     0.000481
  -14.206000     0.000506
  -14.196000     0.000531
  -14.186000     0.000558
  -14.176000     0.000586
  -14.166000     0.000613
  -14.156000     0.000641
  -14.146000     0.000669
  -14.136000     0.000698
  -14.126000     0.000726
  -14.116000     0.000757
  -14.106000     0.000787
  -14.096000     0.000817
  -14.086000     0.000848
  -14.076000     0.000879
  -14.066000     0.000911
  -14.056000     0.000942
  -14.046000     0.000974
  -14.036000     0.001006
  -14.026000     0.001040
  -14.016000     0.001072
  -14.006000     0.001105
  -13.996000     0.001139
  -13.986000     0.001172
  -13.976000     0.001204
  -13.966000     0.001237
  -13.956000     0.001271
  -13.946000     0.001304
  -13.936000     0.001337
  -13.926000     0.001371
  -13.916000     0.001405
  -13.906000     0.001437
  -13.896000     0.001470
  -13.886000     0.001503
  -13.876000     0.001536
  -13.866000     0.001569
  -13.856000     0.001601
  -13.846000     0.001633
  -13.836000     0.001664
  -13.826000     0.001696
  -13.816000     0.001726
  -13.806000     0.001758
  -13.796000     0.001787
  -13.786000     0.001815
  -13.776000     0.001845
  -13.766000     0.001874
  -13.756000     0.001902
  -13.746000     0.001930
  -13.736000     0.001956
  -13.726000     0.001982
  -13.716000     0.002008
  -13.706000     0.002034
  -13.696000     0.002058
  -13.686000     0.002080
  -13.676000     0.002102
  -13.666000     0.002126
  -13.656000     0.002147
  -13.646000     0.002167
  -13.636000     0.002187
  -13.626000     0.002206
  -13.616000     0.002223
  -13.606000     0.002239
  -13.596000     0.002256
  -13.586000     0.002271
  -13.576000     0.002285
  -13.566000     0.002298
  -13.556000     0.002311
  -13.546000     0.002322
  -13.536000     0.002333
  -13.526000     0.002343
  -13.516000     0.002352
  -13.506000     0.002358
  -13.496000     0.002366
  -13.486000     0.002372
  -13.476000     0.002377
  -13.466000     0.002380
  -13.456000     0.002383
  -13.446000     0.002385
  -13.436000     0.002385
  -13.426000     0.002385
  -13.416000     0.002384
  -13.406000     0.002381
  -13.396000     0.002378
  -13.386000     0.002373
  -13.376000     0.002367
  -13.366000     0.002362
  -13.356000     0.002355
  -13.346000     0.002348
  -13.336000     0.002339
  -13.326000     0.002329
  -13.316000     0.002318
  -13.306000     0.002306
  -13.296000     0.002295
  -13.286000     0.002280
  -13.276000     0.002267
  -13.266000     0.002253
  -13.256000     0.002237
  -13.246000     0.002220
  -13.236000     0.002202
  -13.226000     0.002185
  -13.216000     0.002166
  -13.206000     0.002146
  -13.196000     0.002127
  -13.186000     0.002104
  -13.176000     0.002084
  -13.166000     0.002062
  -13.156000     0.002039
  -13.146000     0.002016
  -13.136000     0.001991
  -13.126000     0.001967
  -13.116000     0.001941
  -13.106000     0.001916
  -13.096000     0.001890
  -13.086000     0.001865
  -13.076000     0.001835
  -13.066000     0.001809
  -13.056000     0.001782
  -13.046000     0.001753
  -13.036000     0.001726
  -13.026000     0.001696
  -13.016000     0.001668
  -13.006000     0.001637
  -12.996000     0.001608
  -12.986000     0.001578
  -12.976000     0.001547
  -12.966000     0.001517
  -12.956000     0.001486
  -12.946000     0.001455
  -12.936000     0.001425
  -12.926000     0.001395
  -12.916000     0.001363
  -12.906000     0.001332
  -12.896000     0.001301
  -12.886000     0.001270
  -12.876000     0.001238
  -12.866000     0.001207
  -12.856000     0.001176
  -12.846000     0.001144
  -12.836000     0.001113
  -12.826000     0.001083
  -12.816000     0.001051
  -12.806000     0.001020
  -12.796000     0.000989
  -12.786000     0.000959
  -12.776000     0.000928
  -12.766000     0.000898
  -12.756000     0.000868
  -12.746000     0.000838
  -12.736000     0.000808
  -12.726000     0.000779
  -12.716000     0.000749
  -12.706000     0.000721
  -12.696000     0.000691
  -12.686000     0.000663
  -12.676000     0.000636
  -12.666000     0.000607
  -12.656000     0.000580
  -12.646000     0.000552
  -12.636000     0.000526
  -12.626000     0.000499
  -12.616000     0.000472
  -12.606000     0.000447
  -12.596000     0.000420
  -12.586000     0.000395
  -12.576000     0.000371
  -12.566000     0.000346
  -12.556000     0.000323
  -12.546000     0.000299
  -12.536000     0.000276
  -12.526000     0.000253
  -12.516000     0.000230
  -12.506000     0.000209
  -12.496000     0.000187
  -12.486000     0.000167
  -12.476000     0.000145
  -12.466000     0.000126
  -12.456000     0.000106
  -12.446000     0.000087
  -12.436000     0.000068
  -12.426000     0.000050
  -12.416000     0.000033
  -12.406000     0.000015
  -12.396000    -0.000001
  -12.386000    -0.000017
  -12.376000    -0.000033
  -12.366000    -0.000047
  -12.356000    -0.000062
  -12.346000    -0.000075
  -12.336000    -0.000089
  -12.326000    -0.000101
  -12.316000    -0.000113
  -12.306000    -0.000125
  -12.296000    -0.000135
  -12.286000    -0.000146
  -12.276000    -0.000155
  -12.266000    -0.000164
  -12.256000    -0.000172
  -12.246000    -0.000179
  -12.236000    -0.000186
  -12.226000    -0.000192
  -12.216000    -0.000197
  -12.206000    -0.000201
  -12.196000    -0.000205
  -12.186000    -0.000208
  -12.176000    -0.000210
  -12.166000    -0.000211
  -12.156000    -0.000211
  -12.146000    -0.000211
  -12.136000    -0.000209
  -12.126000    -0.000207
  -12.116000    -0.000204
  -12.106000    -0.000200
  -12.096000    -0.000194
  -12.086000    -0.000188
  -12.076000    -0.000181
  -12.066000    -0.000173
  -12.056000    -0.000164
  -12.046000    -0.000154
  -12.036000    -0.000142
  -12.026000    -0.000130
  -12.016000    -0.000117
  -12.006000    -0.000102
  -11.996000    -0.000086
  -11.986000    -0.000070
  -11.976000    -0.000051
  -11.966000    -0.000032
  -11.956000    -0.000012
  -11.946000     0.000009
  -11.936000     0.000032
  -11.926000     0.000056
  -11.916000     0.000081
  -11.906000     0.000108
  -11.896000     0.000135
  -11.886000     0.000164
  -11.876000     0.000194
  -11.866000     0.000225
  -11.856000     0.000258
  -11.846000     0.000291
  -11.836000     0.000327
  -11.826000     0.000363
  -11.816000     0.000400
  -11.806000     0.000438
  -11.796000     0.000477
  -11.786000     0.000519
  -11.776000     0.000560
  -11.766000     0.000603
  -11.756000     0.000648
  -11.746000     0.000692
  -11.736000     0.000738
  -11.726000     0.000785
  -11.716000     0.000832
  -11.706000     0.000882
  -11.696000     0.000931
  -11.686000     0.000981
  -11.676000     0.001033
  -11.666000     0.001085
  -11.656000     0.001138
  -11.646000     0.001190
  -11.636000     0.001245
  -11.626000     0.001298
  -11.616000     0.001354
  -11.606000     0.001409
  -11.596000     0.001464
  -11.586000     0.001519
  -11.576000     0.001575
  -11.566000     0.001631
  -11.556000     0.001688
  -11.546000     0.001743
  -11.536000     0.001798
  -11.526000     0.001854
  -11.516000     0.001909
  -11.506000     0.001963
  -11.496000     0.002019
  -11.486000     0.002073
  -11.476000     0.002127
  -11.466000     0.002178
  -11.456000     0.002232
  -11.446000     0.002282
  -11.436000     0.002332
  -11.426000     0.002382
  -11.416000     0.002429
  -11.406000     0.002476
  -11.396000     0.002521
  -11.386000     0.002567
  -11.376000     0.002610
  -11.366000     0.002651
  -11.356000     0.002691
  -11.346000     0.002729
  -11.336000     0.002766
  -11.326000     0.002799
  -11.316000     0.002831
  -11.306000     0.002861
  -11.296000     0.002889
  -11.286000     0.002917
  -11.276000     0.002942
  -11.266000     0.002968
  -11.256000     0.002991
  -11.246000     0.003003
  -11.236000     0.003022
  -11.226000     0.003030
  -11.216000     0.003047
  -11.206000     0.003052
  -11.196000     0.003056
  -11.186000     0.003056
  -11.176000     0.003055
  -11.166000     0.003052
  -11.156000     0.003049
  -11.146000     0.003042
  -11.136000     0.003024
  -11.126000     0.003012
  -11.116000     0.002993
  -11.106000     0.002978
  -11.096000     0.002951
  -11.086000     0.002921
  -11.076000     0.002891
  -11.066000     0.002857
  -11.056000     0.002821
  -11.046000     0.002784
  -11.036000     0.002731
  -11.026000     0.002689
  -11.016000     0.002636
  -11.006000     0.002584
  -10.996000     0.002525
  -10.986000     0.002462
  -10.976000     0.002397
  -10.966000     0.002327
  -10.956000     0.002254
  -10.946000     0.002175
  -10.936000     0.002095
  -10.926000     0.002009
  -10.916000     0.001918
  -10.906000     0.001824
  -10.896000     0.001726
  -10.886000     0.001622
  -10.876000     0.001514
  -10.866000     0.001402
  -10.856000     0.001283
  -10.846000     0.001161
  -10.836000     0.001034
  -10.826000     0.000901
  -10.816000     0.000764
  -10.806000     0.000620
  -10.796000     0.000471
  -10.786000     0.000316
  -10.776000     0.000155
  -10.766000    -0.000011
  -10.756000    -0.000185
  -10.746000    -0.000363
  -10.736000    -0.000549
  -10.726000    -0.000742
  -10.716000    -0.000944
  -10.706000    -0.001149
  -10.696000    -0.001363
  -10.686000    -0.001586
  -10.676000    -0.001815
  -10.666000    -0.002050
  -10.656000    -0.002297
  -10.646000    -0.002550
  -10.636000    -0.002810
  -10.626000    -0.003082
  -10.616000    -0.003362
  -10.606000    -0.003649
  -10.596000    -0.003945
  -10.586000    -0.004253
  -10.576000    -0.004567
  -10.566000    -0.004895
  -10.556000    -0.005230
  -10.546000    -0.005573
  -10.536000    -0.005928
  -10.526000    -0.006285
  -10.516000    -0.006669
  -10.506000    -0.007049
  -10.496000    -0.007450
  -10.486000    -0.007843
  -10.476000    -0.008272
  -10.466000    -0.008692
  -10.456000    -0.009136
  -10.446000    -0.009573
  -10.436000    -0.010023
  -10.426000    -0.010497
  -10.416000    -0.010962
  -10.406000    -0.011441
  -10.396000    -0.011932
  -10.386000    -0.012436
  -10.376000    -0.012943
  -10.366000    -0.013456
  -10.356000    -0.013990
  -10.346000    -0.014500
  -10.336000    -0.015030
  -10.326000    -0.015570
  -10.316000    -0.016110
  -10.306000    -0.016660
  -10.296000    -0.017220
  -10.286000    -0.017760
  -10.276000    -0.018300
  -10.266000    -0.018860
  -10.256000    -0.019380
  -10.246000    -0.019940
  -10.236000    -0.020480
  -10.226000    -0.021000
  -10.216000    -0.021510
  -10.206000    -0.022030
  -10.196000    -0.022540
  -10.186000    -0.023030
  -10.176000    -0.023500
  -10.166000    -0.023970
  -10.156000    -0.024400
  -10.146000    -0.024820
  -10.136000    -0.025200
  -10.126000    -0.025560
  -10.116000    -0.025910
  -10.106000    -0.026200
  -10.096000    -0.026480
  -10.086000    -0.026730
  -10.076000    -0.026910
  -10.066000    -0.027070
  -10.056000    -0.027180
  -10.046000    -0.027250
  -10.036000    -0.027250
  -10.026000    -0.027190
  -10.016000    -0.027080
  -10.006000    -0.026900
   -9.996000    -0.026670
   -9.986000    -0.026370
   -9.976000    -0.025990
   -9.966000    -0.025520
   -9.956000    -0.024980
   -9.946000    -0.024370
   -9.936000    -0.023660
   -9.926000    -0.022855
   -9.916000    -0.021944
   -9.906000    -0.020964
   -9.896000    -0.019856
   -9.886000    -0.018619
   -9.876000    -0.017303
   -9.866000    -0.015866
   -9.856000    -0.014308
   -9.846000    -0.012624
   -9.836000    -0.010812
   -9.826000    -0.008869
   -9.816000    -0.006787
   -9.806000    -0.004576
   -9.796000    -0.002218
   -9.786000     0.000282
   -9.776000     0.002921
   -9.766000     0.005743
   -9.756000     0.008707
   -9.746000     0.011795
   -9.736000     0.015098
   -9.726000     0.018533
   -9.716000     0.022125
   -9.706000     0.025880
   -9.696000     0.029830
   -9.686000     0.033940
   -9.676000     0.038220
   -9.666000     0.042690
   -9.656000     0.047310
   -9.646000     0.052130
   -9.636000     0.057100
   -9.626000     0.062290
   -9.616000     0.067640
   -9.606000     0.073180
   -9.596000     0.078890
   -9.586000     0.084680
   -9.576000     0.090820
   -9.566000     0.097010
   -9.556000     0.103480
   -9.546000     0.110020
   -9.536000     0.116840
   -9.526000     0.123570
   -9.516000     0.130730
   -9.506000     0.137800
   -9.496000     0.145300
   -9.486000     0.152800
   -9.476000     0.160500
   -9.466000     0.168300
   -9.456000     0.176200
   -9.446000     0.184500
   -9.436000     0.192500
   -9.426000     0.201100
   -9.416000     0.209600
   -9.406000     0.218200
   -9.396000     0.226600
   -9.386000     0.235400
   -9.376000     0.244400
   -9.366000     0.253300
   -9.356000     0.262500
   -9.346000     0.271500
   -9.336000     0.280700
   -9.326000     0.290000
   -9.316000     0.299200
   -9.306000     0.308600
   -9.296000     0.318100
   -9.286000     0.327400
   -9.276000     0.336900
   -9.266000     0.346300
   -9.256000     0.355700
   -9.246000     0.365100
   -9.236000     0.374700
   -9.226000     0.384000
   -9.216000     0.393500
   -9.206000     0.402900
   -9.196000     0.412200
   -9.186000     0.421400
   -9.176000     0.430500
   -9.166000     0.439900
   -9.156000     0.448800
   -9.146000     0.457800
   -9.136000     0.466800
   -9.126000     0.475500
   -9.116000     0.484300
   -9.106000     0.492900
   -9.096000     0.501400
   -9.086000     0.509700
   -9.076000     0.517900
   -9.066000     0.526000
   -9.056000     0.534100
   -9.046000     0.541900
   -9.036000     0.549700
   -9.026000     0.557100
   -9.016000     0.564100
   -9.006000     0.572000
   -8.996000     0.578400
   -8.986000     0.586300
   -8.976000     0.593400
   -8.966000     0.599300
   -8.956000     0.606100
   -8.946000     0.611700
   -8.936000     0.618300
   -8.926000     0.622800
   -8.916000     0.629200
   -8.906000     0.635600
   -8.896000     0.639700
   -8.886000     0.645900
   -8.876000     0.650900
   -8.866000     0.655800
   -8.856000     0.660700
   -8.846000     0.664400
   -8.836000     0.669100
   -8.826000     0.673700
   -8.816000     0.678000
   -8.806000     0.681500
   -8.796000     0.684800
   -8.786000     0.688000
   -8.776000     0.691100
   -8.766000     0.695300
   -8.756000     0.698200
   -8.746000     0.701000
   -8.736000     0.703000
   -8.726000     0.705700
   -8.716000     0.707400
   -8.706000     0.709100
   -8.696000     0.711700
   -8.686000     0.712200
   -8.676000     0.713700
   -8.666000     0.716200
   -8.656000     0.717400
   -8.646000     0.717800
   -8.636000     0.719200
   -8.626000     0.720400
   -8.616000     0.719600
   -8.606000     0.721700
   -8.596000     0.720900
   -8.586000     0.722100
   -8.576000     0.721200
   -8.566000     0.721200
   -8.556000     0.720300
   -8.546000     0.721200
   -8.536000     0.719400
   -8.526000     0.718300
   -8.516000     0.719400
   -8.506000     0.718400
   -8.496000     0.716500
   -8.486000     0.714500
   -8.476000     0.712600
   -8.466000     0.712500
   -8.456000     0.710700
   -8.446000     0.708700
   -8.436000     0.706800
   -8.426000     0.704000
   -8.416000     0.702100
   -8.406000     0.699100
   -8.396000     0.696400
   -8.386000     0.694500
   -8.376000     0.690800
   -8.366000     0.688100
   -8.356000     0.684400
   -8.346000     0.681800
   -8.336000     0.678100
   -8.326000     0.674600
   -8.316000     0.671000
   -8.306000     0.667500
   -8.296000     0.663000
   -8.286000     0.658700
   -8.276000     0.655400
   -8.266000     0.651000
   -8.256000     0.646900
   -8.246000     0.642500
   -8.236000     0.638400
   -8.226000     0.633300
   -8.216000     0.628400
   -8.206000     0.623300
   -8.196000     0.618400
   -8.186000     0.614500
   -8.176000     0.608700
   -8.166000     0.603900
   -8.156000     0.600300
   -8.146000     0.594600
   -8.136000     0.589000
   -8.126000     0.583400
   -8.116000     0.578000
   -8.106000     0.572600
   -8.096000     0.568300
   -8.086000     0.562900
   -8.076000     0.557900
   -8.066000     0.553600
   -8.056000     0.548400
   -8.046000     0.543500
   -8.036000     0.537500
   -8.026000     0.532500
   -8.016000     0.528700
   -8.006000     0.522900
   -7.996000     0.519100
   -7.986000     0.513300
   -7.976000     0.509900
   -7.966000     0.506000
   -7.956000     0.501300
   -7.946000     0.497600
   -7.936000     0.493900
   -7.926000     0.489500
   -7.916000     0.486200
   -7.906000     0.482700
   -7.896000     0.479600
   -7.886000     0.476700
   -7.876000     0.473800
   -7.866000     0.471300
   -7.856000     0.468900
   -7.846000     0.466800
   -7.836000     0.464900
   -7.826000     0.463000
   -7.816000     0.461500
   -7.806000     0.460200
   -7.796000     0.459000
   -7.786000     0.458200
   -7.776000     0.457500
   -7.766000     0.457000
   -7.756000     0.456700
   -7.746000     0.457000
   -7.736000     0.457500
   -7.726000     0.458200
   -7.716000     0.459000
   -7.706000     0.460200
   -7.696000     0.461300
   -7.686000     0.462900
   -7.676000     0.465000
   -7.666000     0.467000
   -7.656000     0.469200
   -7.646000     0.471800
   -7.636000     0.474600
   -7.626000     0.477700
   -7.616000     0.480700
   -7.606000     0.484000
   -7.596000     0.487500
   -7.586000     0.491100
   -7.576000     0.495200
   -7.566000     0.499100
   -7.556000     0.503400
   -7.546000     0.507400
   -7.536000     0.512500
   -7.526000     0.516000
   -7.516000     0.521100
   -7.506000     0.525300
   -7.496000     0.530500
   -7.486000     0.535900
   -7.476000     0.540000
   -7.466000     0.545300
   -7.456000     0.550500
   -7.446000     0.556900
   -7.436000     0.562000
   -7.426000     0.567200
   -7.416000     0.571300
   -7.406000     0.576500
   -7.396000     0.581600
   -7.386000     0.585600
   -7.376000     0.590500
   -7.366000     0.596500
   -7.356000     0.600500
   -7.346000     0.605300
   -7.336000     0.609000
   -7.326000     0.613900
   -7.316000     0.617600
   -7.306000     0.621200
   -7.296000     0.624700
   -7.286000     0.629300
   -7.276000     0.632600
   -7.266000     0.634900
   -7.256000     0.637300
   -7.246000     0.640400
   -7.236000     0.643500
   -7.226000     0.643600
   -7.216000     0.646500
   -7.206000     0.647400
   -7.196000     0.649100
   -7.186000     0.648700
   -7.176000     0.650300
   -7.166000     0.650400
   -7.156000     0.650600
   -7.146000     0.649500
   -7.136000     0.648400
   -7.126000     0.647300
   -7.116000     0.647200
   -7.106000     0.644900
   -7.096000     0.642500
   -7.086000     0.640000
   -7.076000     0.638600
   -7.066000     0.634100
   -7.056000     0.631400
   -7.046000     0.626700
   -7.036000     0.623100
   -7.026000     0.619300
   -7.016000     0.613600
   -7.006000     0.608600
   -6.996000     0.602800
   -6.986000     0.596700
   -6.976000     0.591800
   -6.966000     0.584800
   -6.956000     0.578600
   -6.946000     0.571200
   -6.936000     0.563700
   -6.926000     0.556900
   -6.916000     0.548200
   -6.906000     0.541300
   -6.896000     0.532300
   -6.886000     0.524500
   -6.876000     0.515400
   -6.866000     0.506400
   -6.856000     0.498400
   -6.846000     0.488100
   -6.836000     0.480100
   -6.826000     0.469600
   -6.816000     0.460500
   -6.806000     0.450600
   -6.796000     0.441000
   -6.786000     0.431000
   -6.776000     0.420900
   -6.766000     0.411110
   -6.756000     0.400910
   -6.746000     0.391030
   -6.736000     0.380970
   -6.726000     0.371030
   -6.716000     0.361010
   -6.706000     0.351220
   -6.696000     0.341340
   -6.686000     0.331580
   -6.676000     0.322050
   -6.666000     0.312440
   -6.656000     0.303050
   -6.646000     0.293800
   -6.636000     0.284760
   -6.626000     0.275940
   -6.616000     0.267310
   -6.606000     0.258730
   -6.596000     0.250290
   -6.586000     0.242440
   -6.576000     0.234640
   -6.566000     0.227110
   -6.556000     0.219860
   -6.546000     0.212860
   -6.536000     0.206340
   -6.526000     0.200180
   -6.516000     0.194000
   -6.506000     0.188390
   -6.496000     0.183120
   -6.486000     0.178300
   -6.476000     0.173680
   -6.466000     0.169660
   -6.456000     0.165750
   -6.446000     0.162320
   -6.436000     0.159290
   -6.426000     0.156640
   -6.416000     0.154510
   -6.406000     0.152790
   -6.396000     0.151440
   -6.386000     0.150410
   -6.376000     0.149860
   -6.366000     0.149810
   -6.356000     0.150150
   -6.346000     0.150890
   -6.336000     0.152030
   -6.326000     0.153660
   -6.316000     0.155700
   -6.306000     0.158210
   -6.296000     0.161060
   -6.286000     0.164250
   -6.276000     0.167890
   -6.266000     0.172180
   -6.256000     0.176690
   -6.246000     0.181500
   -6.236000     0.186800
   -6.226000     0.192300
   -6.216000     0.198400
   -6.206000     0.204700
   -6.196000     0.211500
   -6.186000     0.218500
   -6.176000     0.226100
   -6.166000     0.233600
   -6.156000     0.241700
   -6.146000     0.249900
   -6.136000     0.258600
   -6.126000     0.267400
   -6.116000     0.276600
   -6.106000     0.285900
   -6.096000     0.295500
   -6.086000     0.305300
   -6.076000     0.315300
   -6.066000     0.325500
   -6.056000     0.335600
   -6.046000     0.346300
   -6.036000     0.356800
   -6.026000     0.367500
   -6.016000     0.378400
   -6.006000     0.389300
   -5.996000     0.400400
   -5.986000     0.411400
   -5.976000     0.422400
   -5.966000     0.433300
   -5.956000     0.444500
   -5.946000     0.455600
   -5.936000     0.466600
   -5.926000     0.477500
   -5.916000     0.488500
   -5.906000     0.499100
   -5.896000     0.509600
   -5.886000     0.520600
   -5.876000     0.530700
   -5.866000     0.541500
   -5.856000     0.551200
   -5.846000     0.562100
   -5.836000     0.571600
   -5.826000     0.580500
   -5.816000     0.590100
   -5.806000     0.599400
   -5.796000     0.607900
   -5.786000     0.617200
   -5.776000     0.626300
   -5.766000     0.632400
   -5.756000     0.641400
   -5.746000     0.648400
   -5.736000     0.655200
   -5.726000     0.662900
   -5.716000     0.668600
   -5.706000     0.676200
   -5.696000     0.681800
   -5.686000     0.687200
   -5.676000     0.691500
   -5.666000     0.696700
   -5.656000     0.701900
   -5.646000     0.706000
   -5.636000     0.710100
   -5.626000     0.713900
   -5.616000     0.717000
   -5.606000     0.718800
   -5.596000     0.721400
   -5.586000     0.723200
   -5.576000     0.725800
   -5.566000     0.726400
   -5.556000     0.728000
   -5.546000     0.728500
   -5.536000     0.727900
   -5.526000     0.728300
   -5.516000     0.728700
   -5.506000     0.728100
   -5.496000     0.728500
   -5.486000     0.726800
   -5.476000     0.725200
   -5.466000     0.722500
   -5.456000     0.720800
   -5.446000     0.719200
   -5.436000     0.717600
   -5.426000     0.713900
   -5.416000     0.711300
   -5.406000     0.707700
   -5.396000     0.705000
   -5.386000     0.700600
   -5.376000     0.698000
   -5.366000     0.694700
   -5.356000     0.689200
   -5.346000     0.685900
   -5.336000     0.682600
   -5.326000     0.678500
   -5.316000     0.674300
   -5.306000     0.669400
   -5.296000     0.665300
   -5.286000     0.661400
   -5.276000     0.656600
   -5.266000     0.652100
   -5.256000     0.647400
   -5.246000     0.643900
   -5.236000     0.638500
   -5.226000     0.635300
   -5.216000     0.630100
   -5.206000     0.624900
   -5.196000     0.622100
   -5.186000     0.618400
   -5.176000     0.613600
   -5.166000     0.610100
   -5.156000     0.606600
   -5.146000     0.604400
   -5.136000     0.600300
   -5.126000     0.597200
   -5.116000     0.595300
   -5.106000     0.592500
   -5.096000     0.589000
   -5.086000     0.586900
   -5.076000     0.585200
   -5.066000     0.584000
   -5.056000     0.582600
   -5.046000     0.581500
   -5.036000     0.580600
   -5.026000     0.580700
   -5.016000     0.579600
   -5.006000     0.579800
   -4.996000     0.580000
   -4.986000     0.580400
   -4.976000     0.581100
   -4.966000     0.582400
   -4.956000     0.583700
   -4.946000     0.585600
   -4.936000     0.587500
   -4.926000     0.590000
   -4.916000     0.592500
   -4.906000     0.595300
   -4.896000     0.598600
   -4.886000     0.602300
   -4.876000     0.606000
   -4.866000     0.610100
   -4.856000     0.614400
   -4.846000     0.618900
   -4.836000     0.623900
   -4.826000     0.629100
   -4.816000     0.634700
   -4.806000     0.640400
   -4.796000     0.646300
   -4.786000     0.652300
   -4.776000     0.658900
   -4.766000     0.665500
   -4.756000     0.672400
   -4.746000     0.679400
   -4.736000     0.686800
   -4.726000     0.694300
   -4.716000     0.701800
   -4.706000     0.709800
   -4.696000     0.717600
   -4.686000     0.725800
   -4.676000     0.734000
   -4.666000     0.742300
   -4.656000     0.751000
   -4.646000     0.759600
   -4.636000     0.768300
   -4.626000     0.777000
   -4.616000     0.785800
   -4.606000     0.794800
   -4.596000     0.803400
   -4.586000     0.811800
   -4.576000     0.820800
   -4.566000     0.828700
   -4.556000     0.837700
   -4.546000     0.848000
   -4.536000     0.855000
   -4.526000     0.865000
   -4.516000     0.873000
   -4.506000     0.882000
   -4.496000     0.890000
   -4.486000     0.898000
   -4.476000     0.907000
   -4.466000     0.916000
   -4.456000     0.924000
   -4.446000     0.931000
   -4.436000     0.938000
   -4.426000     0.947000
   -4.416000     0.952000
   -4.406000     0.962000
   -4.396000     0.967000
   -4.386000     0.975000
   -4.376000     0.981000
   -4.366000     0.987000
   -4.356000     0.994000
   -4.346000     0.998000
   -4.336000     1.004000
   -4.326000     1.010000
   -4.316000     1.014000
   -4.306000     1.020000
   -4.296000     1.026000
   -4.286000     1.029000
   -4.276000     1.033000
   -4.266000     1.036000
   -4.256000     1.040000
   -4.246000     1.045000
   -4.236000     1.046000
   -4.226000     1.049000
   -4.216000     1.050000
   -4.206000     1.052000
   -4.196000     1.054000
   -4.186000     1.057000
   -4.176000     1.057000
   -4.166000     1.057000
   -4.156000     1.060000
   -4.146000     1.061000
   -4.136000     1.059000
   -4.126000     1.059000
   -4.116000     1.058000
   -4.106000     1.057000
   -4.096000     1.058000
   -4.086000     1.053200
   -4.076000     1.053600
   -4.066000     1.051500
   -4.056000     1.049200
   -4.046000     1.047100
   -4.036000     1.043700
   -4.026000     1.041200
   -4.016000     1.038700
   -4.006000     1.035100
   -3.996000     1.030400
   -3.986000     1.027700
   -3.976000     1.023900
   -3.966000     1.019300
   -3.956000     1.014400
   -3.946000     1.009600
   -3.936000     1.004700
   -3.926000     0.999900
   -3.916000     0.994800
   -3.906000     0.989800
   -3.896000     0.985000
   -3.886000     0.979000
   -3.876000     0.974200
   -3.866000     0.968300
   -3.856000     0.962400
   -3.846000     0.956500
   -3.836000     0.949600
   -3.826000     0.943800
   -3.816000     0.938100
   -3.806000     0.930400
   -3.796000     0.924600
   -3.786000     0.919000
   -3.776000     0.911500
   -3.766000     0.906100
   -3.756000     0.898600
   -3.746000     0.891200
   -3.736000     0.885900
   -3.726000     0.878700
   -3.716000     0.872500
   -3.706000     0.866600
   -3.696000     0.859600
   -3.686000     0.852800
   -3.676000     0.846900
   -3.666000     0.840400
   -3.656000     0.833700
   -3.646000     0.827300
   -3.636000     0.822100
   -3.626000     0.815800
   -3.616000     0.808600
   -3.606000     0.803700
   -3.596000     0.797900
   -3.586000     0.792100
   -3.576000     0.786500
   -3.566000     0.782100
   -3.556000     0.775700
   -3.546000     0.771400
   -3.536000     0.766400
   -3.526000     0.760500
   -3.516000     0.757800
   -3.506000     0.753100
   -3.496000     0.747500
   -3.486000     0.745200
   -3.476000     0.741000
   -3.466000     0.737000
   -3.456000     0.734100
   -3.446000     0.730300
   -3.436000     0.728700
   -3.426000     0.724300
   -3.416000     0.722900
   -3.406000     0.719800
   -3.396000     0.718900
   -3.386000     0.718000
   -3.376000     0.715300
   -3.366000     0.714800
   -3.356000     0.713500
   -3.346000     0.714300
   -3.336000     0.712300
   -3.326000     0.713300
   -3.316000     0.713500
   -3.306000     0.714100
   -3.296000     0.714400
   -3.286000     0.716200
   -3.276000     0.717000
   -3.266000     0.719000
   -3.256000     0.721100
   -3.246000     0.723300
   -3.236000     0.724700
   -3.226000     0.727200
   -3.216000     0.729800
   -3.206000     0.734600
   -3.196000     0.737500
   -3.186000     0.741500
   -3.176000     0.745600
   -3.166000     0.749800
   -3.156000     0.754100
   -3.146000     0.758600
   -3.136000     0.763100
   -3.126000     0.769800
   -3.116000     0.775400
   -3.106000     0.780200
   -3.096000     0.786100
   -3.086000     0.791000
   -3.076000     0.797900
   -3.066000     0.804000
   -3.056000     0.810100
   -3.046000     0.816400
   -3.036000     0.824500
   -3.026000     0.829700
   -3.016000     0.837900
   -3.006000     0.845200
   -2.996000     0.852400
   -2.986000     0.858800
   -2.976000     0.865000
   -2.966000     0.873300
   -2.956000     0.880600
   -2.946000     0.888900
   -2.936000     0.896100
   -2.926000     0.903300
   -2.916000     0.910400
   -2.906000     0.917500
   -2.896000     0.925600
   -2.886000     0.932700
   -2.876000     0.940500
   -2.866000     0.947400
   -2.856000     0.955300
   -2.846000     0.962100
   -2.836000     0.969700
   -2.826000     0.976200
   -2.816000     0.984700
   -2.806000     0.990000
   -2.796000     0.997400
   -2.786000     1.003400
   -2.776000     1.010500
   -2.766000     1.015500
   -2.756000     1.022200
   -2.746000     1.027900
   -2.736000     1.034500
   -2.726000     1.040000
   -2.716000     1.045300
   -2.706000     1.051300
   -2.696000     1.055400
   -2.686000     1.061300
   -2.676000     1.064900
   -2.666000     1.069500
   -2.656000     1.073900
   -2.646000     1.077100
   -2.636000     1.083800
   -2.626000     1.086400
   -2.616000     1.088900
   -2.606000     1.093400
   -2.596000     1.095700
   -2.586000     1.098800
   -2.576000     1.101900
   -2.566000     1.103900
   -2.556000     1.106900
   -2.546000     1.108700
   -2.536000     1.110300
   -2.526000     1.113000
   -2.516000     1.113400
   -2.506000     1.113700
   -2.496000     1.115100
   -2.486000     1.115300
   -2.476000     1.117300
   -2.466000     1.118400
   -2.456000     1.116400
   -2.446000     1.117200
   -2.436000     1.118900
   -2.426000     1.118700
   -2.416000     1.117200
   -2.406000     1.116500
   -2.396000     1.116500
   -2.386000     1.114500
   -2.376000     1.114400
   -2.366000     1.112100
   -2.356000     1.111700
   -2.346000     1.109500
   -2.336000     1.108900
   -2.326000     1.107400
   -2.316000     1.105700
   -2.306000     1.104100
   -2.296000     1.101400
   -2.286000     1.099600
   -2.276000     1.097700
   -2.266000     1.094800
   -2.256000     1.092800
   -2.246000     1.090800
   -2.236000     1.088900
   -2.226000     1.084800
   -2.216000     1.081700
   -2.206000     1.079600
   -2.196000     1.077400
   -2.186000     1.075400
   -2.176000     1.071100
   -2.166000     1.067100
   -2.156000     1.064800
   -2.146000     1.062500
   -2.136000     1.060400
   -2.126000     1.055100
   -2.116000     1.053000
   -2.106000     1.049800
   -2.096000     1.046600
   -2.086000     1.041300
   -2.076000     1.039100
   -2.066000     1.036100
   -2.056000     1.033900
   -2.046000     1.028800
   -2.036000     1.025600
   -2.026000     1.023500
   -2.016000     1.020500
   -2.006000     1.015400
   -1.996000     1.012500
   -1.986000     1.009500
   -1.976000     1.007500
   -1.966000     1.004600
   -1.956000     1.001700
   -1.946000     0.996700
   -1.936000     0.993900
   -1.926000     0.991000
   -1.916000     0.987300
   -1.906000     0.984600
   -1.896000     0.982000
   -1.886000     0.979200
   -1.876000     0.977700
   -1.866000     0.975100
   -1.856000     0.973500
   -1.846000     0.971200
   -1.836000     0.968700
   -1.826000     0.966300
   -1.816000     0.964000
   -1.806000     0.962700
   -1.796000     0.961600
   -1.786000     0.960300
   -1.776000     0.959200
   -1.766000     0.957100
   -1.756000     0.957100
   -1.746000     0.955000
   -1.736000     0.956100
   -1.726000     0.953200
   -1.716000     0.954400
   -1.706000     0.954700
   -1.696000     0.955000
   -1.686000     0.953300
   -1.676000     0.954600
   -1.666000     0.955100
   -1.656000     0.956500
   -1.646000     0.957100
   -1.636000     0.958800
   -1.626000     0.960500
   -1.616000     0.961100
   -1.606000     0.963900
   -1.596000     0.965700
   -1.586000     0.968600
   -1.576000     0.970500
   -1.566000     0.973500
   -1.556000     0.976600
   -1.546000     0.979700
   -1.536000     0.982700
   -1.526000     0.986900
   -1.516000     0.990200
   -1.506000     0.993500
   -1.496000     0.997900
   -1.486000     1.002300
   -1.476000     1.006800
   -1.466000     1.010300
   -1.456000     1.015800
   -1.446000     1.022300
   -1.436000     1.026000
   -1.426000     1.030600
   -1.416000     1.037300
   -1.406000     1.042100
   -1.396000     1.047900
   -1.386000     1.053700
   -1.376000     1.059600
   -1.366000     1.064500
   -1.356000     1.070400
   -1.346000     1.077400
   -1.336000     1.084400
   -1.326000     1.088400
   -1.316000     1.094300
   -1.306000     1.101500
   -1.296000     1.107600
   -1.286000     1.112700
   -1.276000     1.119800
   -1.266000     1.125100
   -1.256000     1.130100
   -1.246000     1.137400
   -1.236000     1.141500
   -1.226000     1.148700
   -1.216000     1.153900
   -1.206000     1.159100
   -1.196000     1.164300
   -1.186000     1.169400
   -1.176000     1.172600
   -1.166000     1.178800
   -1.156000     1.183900
   -1.146000     1.187200
   -1.136000     1.191400
   -1.126000     1.195500
   -1.116000     1.199700
   -1.106000     1.202700
   -1.096000     1.204900
   -1.086000     1.207900
   -1.076000     1.210000
   -1.066000     1.212000
   -1.056000     1.215000
   -1.046000     1.215900
   -1.036000     1.216000
   -1.026000     1.216900
   -1.016000     1.218800
   -1.006000     1.217700
   -0.996000     1.217300
   -0.986000     1.216200
   -0.976000     1.214900
   -0.966000     1.213500
   -0.956000     1.212200
   -0.946000     1.209800
   -0.936000     1.206300
   -0.926000     1.203000
   -0.916000     1.200400
   -0.906000     1.196000
   -0.896000     1.191300
   -0.886000     1.187600
   -0.876000     1.180900
   -0.866000     1.175200
   -0.856000     1.170400
   -0.846000     1.163500
   -0.836000     1.156700
   -0.826000     1.148700
   -0.816000     1.141700
   -0.806000     1.133800
   -0.796000     1.126700
   -0.786000     1.117600
   -0.776000     1.107500
   -0.766000     1.098200
   -0.756000     1.089000
   -0.746000     1.078800
   -0.736000     1.069500
   -0.726000     1.058100
   -0.716000     1.047700
   -0.706000     1.036400
   -0.696000     1.025900
   -0.686000     1.014500
   -0.676000     1.002100
   -0.666000     0.989600
   -0.656000     0.979000
   -0.646000     0.966400
   -0.636000     0.955000
   -0.626000     0.941300
   -0.616000     0.928800
   -0.606000     0.917300
   -0.596000     0.903600
   -0.586000     0.892100
   -0.576000     0.878400
   -0.566000     0.866900
   -0.556000     0.854300
   -0.546000     0.840800
   -0.536000     0.829300
   -0.526000     0.815600
   -0.516000     0.803200
   -0.506000     0.790700
   -0.496000     0.778300
   -0.486000     0.766800
   -0.476000     0.753500
   -0.466000     0.744200
   -0.456000     0.731800
   -0.446000     0.719600
   -0.436000     0.710400
   -0.426000     0.699300
   -0.416000     0.688200
   -0.406000     0.678200
   -0.396000     0.668200
   -0.386000     0.658200
   -0.376000     0.649500
   -0.366000     0.642600
   -0.356000     0.633800
   -0.346000     0.625300
   -0.336000     0.618800
   -0.326000     0.611400
   -0.316000     0.604000
   -0.306000     0.597700
   -0.296000     0.592500
   -0.286000     0.586400
   -0.276000     0.582500
   -0.266000     0.577500
   -0.256000     0.572600
   -0.246000     0.568900
   -0.236000     0.567300
   -0.226000     0.564700
   -0.216000     0.562300
   -0.206000     0.560000
   -0.196000     0.559800
   -0.186000     0.558600
   -0.176000     0.558600
   -0.166000     0.558800
   -0.156000     0.559000
   -0.146000     0.561200
   -0.136000     0.562600
   -0.126000     0.564000
   -0.116000     0.566600
   -0.106000     0.569400
   -0.096000     0.572100
   -0.086000     0.577100
   -0.076000     0.580900
   -0.066000     0.586000
   -0.056000     0.591300
   -0.046000     0.596500
   -0.036000     0.601800
   -0.026000     0.608200
   -0.016000     0.614800
   -0.006000     0.620400
    0.004000     0.627900
    0.014000     0.636700
    0.024000     0.643500
    0.034000     0.651500
    0.044000     0.660400
    0.054000     0.668400
    0.064000     0.676500
    0.074000     0.685600
    0.084000     0.694800
    0.094000     0.703000
    0.104000     0.712300
    0.114000     0.722600
    0.124000     0.732000
    0.134000     0.741400
    0.144000     0.750800
    0.154000     0.761300
    0.164000     0.770800
    0.174000     0.781300
    0.184000     0.789900
    0.194000     0.799300
    0.204000     0.809900
    0.214000     0.820500
    0.224000     0.830100
    0.234000     0.839700
    0.244000     0.849400
    0.254000     0.859800
    0.264000     0.869400
    0.274000     0.876100
    0.284000     0.886600
    0.294000     0.896300
    0.304000     0.905900
    0.314000     0.915400
    0.324000     0.923000
    0.334000     0.931500
    0.344000     0.941000
    0.354000     0.947500
    0.364000     0.957000
    0.374000     0.964500
    0.384000     0.973000
    0.394000     0.980400
    0.404000     0.986900
    0.414000     0.994300
    0.424000     1.002700
    0.434000     1.008000
    0.444000     1.014400
    0.454000     1.021800
    0.464000     1.027200
    0.474000     1.033400
    0.484000     1.039800
    0.494000     1.044100
    0.504000     1.050300
    0.514000     1.055700
    0.524000     1.061000
    0.534000     1.066300
    0.544000     1.071600
    0.554000     1.074900
    0.564000     1.080000
    0.574000     1.084400
    0.584000     1.088700
    0.594000     1.092000
    0.604000     1.097400
    0.614000     1.101600
    0.624000     1.105100
    0.634000     1.108400
    0.644000     1.111900
    0.654000     1.116300
    0.664000     1.119700
    0.674000     1.122200
    0.684000     1.125600
    0.694000     1.129200
    0.704000     1.131900
    0.714000     1.136400
    0.724000     1.139200
    0.734000     1.141900
    0.744000     1.145700
    0.754000     1.149500
    0.764000     1.153400
    0.774000     1.157300
    0.784000     1.160300
    0.794000     1.163900
    0.804000     1.169300
    0.814000     1.174200
    0.824000     1.177100
    0.834000     1.180500
    0.844000     1.186000
    0.854000     1.189000
    0.864000     1.194000
    0.874000     1.197000
    0.884000     1.203000
    0.894000     1.209000
    0.904000     1.213000
    0.914000     1.218000
    0.924000     1.224000
    0.934000     1.231000
    0.944000     1.235000
    0.954000     1.241000
    0.964000     1.249000
    0.974000     1.252000
    0.984000     1.259000
    0.994000     1.268000
    1.004000     1.275000
    1.014000     1.281000
    1.024000     1.289000
    1.034000     1.296000
    1.044000     1.303000
    1.054000     1.310000
    1.064000     1.319000
    1.074000     1.328000
    1.084000     1.335000
    1.094000     1.343000
    1.104000     1.351000
    1.114000     1.361000
    1.124000     1.370000
    1.134000     1.378000
    1.144000     1.387000
    1.154000     1.394000
    1.164000     1.406000
    1.174000     1.416000
    1.184000     1.424000
    1.194000     1.434000
    1.204000     1.443000
    1.214000     1.453000
    1.224000     1.462000
    1.234000     1.472000
    1.244000     1.481000
    1.254000     1.491000
    1.264000     1.501000
    1.274000     1.511000
    1.284000     1.520000
    1.294000     1.530000
    1.304000     1.540000
    1.314000     1.549000
    1.324000     1.556000
    1.334000     1.565000
    1.344000     1.574000
    1.354000     1.583000
    1.364000     1.592000
    1.374000     1.602000
    1.384000     1.610000
    1.394000     1.618000
    1.404000     1.626000
    1.414000     1.633000
    1.424000     1.641000
    1.434000     1.649000
    1.444000     1.655000
    1.454000     1.663000
    1.464000     1.668000
    1.474000     1.673000
    1.484000     1.679000
    1.494000     1.687000
    1.504000     1.690000
    1.514000     1.695000
    1.524000     1.699000
    1.534000     1.704000
    1.544000     1.706000
    1.554000     1.710000
    1.564000     1.713000
    1.574000     1.716000
    1.584000     1.717000
    1.594000     1.720000
    1.604000     1.720000
    1.614000     1.722000
    1.624000     1.722000
    1.634000     1.721000
    1.644000     1.722000
    1.654000     1.720000
    1.664000     1.719000
    1.674000     1.716000
    1.684000     1.716000
    1.694000     1.713000
    1.704000     1.711000
    1.714000     1.709000
    1.724000     1.705000
    1.734000     1.701000
    1.744000     1.696000
    1.754000     1.692000
    1.764000     1.688000
    1.774000     1.681000
    1.784000     1.676000
    1.794000     1.672000
    1.804000     1.665000
    1.814000     1.659000
    1.824000     1.651000
    1.834000     1.646000
    1.844000     1.637000
    1.854000     1.631000
    1.864000     1.622000
    1.874000     1.616000
    1.884000     1.607000
    1.894000     1.600000
    1.904000     1.594000
    1.914000     1.585000
    1.924000     1.578000
    1.934000     1.570000
    1.944000     1.563000
    1.954000     1.555000
    1.964000     1.547000
    1.974000     1.538000
    1.984000     1.532000
    1.994000     1.526000
    2.004000     1.519000
    2.014000     1.512000
    2.024000     1.506000
    2.034000     1.500000
    2.044000     1.493000
    2.054000     1.488000
    2.064000     1.484000
    2.074000     1.479000
    2.084000     1.476000
    2.094000     1.471000
    2.104000     1.469000
    2.114000     1.465000
    2.124000     1.463000
    2.134000     1.462000
    2.144000     1.460000
    2.154000     1.460000
    2.164000     1.458000
    2.174000     1.461000
    2.184000     1.462000
    2.194000     1.462000
    2.204000     1.466000
    2.214000     1.468000
    2.224000     1.474000
    2.234000     1.479000
    2.244000     1.481000
    2.254000     1.489000
    2.264000     1.495000
    2.274000     1.502000
    2.284000     1.511000
    2.294000     1.520000
    2.304000     1.528000
    2.314000     1.537000
    2.324000     1.548000
    2.334000     1.559000
    2.344000     1.572000
    2.354000     1.583000
    2.364000     1.596000
    2.374000     1.609000
    2.384000     1.626000
    2.394000     1.639000
    2.404000     1.654000
    2.414000     1.672000
    2.424000     1.687000
    2.434000     1.704000
    2.444000     1.719000
    2.454000     1.737000
    2.464000     1.756000
    2.474000     1.775000
    2.484000     1.793000
    2.494000     1.811000
    2.504000     1.831000
    2.514000     1.846000
    2.524000     1.867000
    2.534000     1.887000
    2.544000     1.905000
    2.554000     1.924000
    2.564000     1.945000
    2.574000     1.962000
    2.584000     1.981000
    2.594000     2.001000
    2.604000     2.018000
    2.614000     2.036000
    2.624000     2.054000
    2.634000     2.071000
    2.644000     2.088000
    2.654000     2.105000
    2.664000     2.121000
    2.674000     2.136000
    2.684000     2.151000
    2.694000     2.166000
    2.704000     2.177000
    2.714000     2.192000
    2.724000     2.205000
    2.734000     2.214000
    2.744000     2.224000
    2.754000     2.235000
    2.764000     2.243000
    2.774000     2.250000
    2.784000     2.258000
    2.794000     2.263000
    2.804000     2.268000
    2.814000     2.273000
    2.824000     2.274000
    2.834000     2.275000
    2.844000     2.277000
    2.854000     2.277000
    2.864000     2.274000
    2.874000     2.271000
    2.884000     2.268000
    2.894000     2.261000
    2.904000     2.257000
    2.914000     2.248000
    2.924000     2.240000
    2.934000     2.228000
    2.944000     2.218000
    2.954000     2.207000
    2.964000     2.194000
    2.974000     2.177000
    2.984000     2.162000
    2.994000     2.147000
    3.004000     2.127000
    3.014000     2.109000
    3.024000     2.088000
    3.034000     2.068000
    3.044000     2.046000
    3.054000     2.022000
    3.064000     1.999000
    3.074000     1.974000
    3.084000     1.949000
    3.094000     1.922000
    3.104000     1.893000
    3.114000     1.866000
    3.124000     1.837000
    3.134000     1.805000
    3.144000     1.777000
    3.154000     1.744000
    3.164000     1.713000
    3.174000     1.682000
    3.184000     1.648000
    3.194000     1.615000
    3.204000     1.582000
    3.214000     1.547000
    3.224000     1.513000
    3.234000     1.478000
    3.244000     1.443000
    3.254000     1.407000
    3.264000     1.371000
    3.274000     1.335000
    3.284000     1.299000
    3.294000     1.263000
    3.304000     1.226000
    3.314000     1.192000
    3.324000     1.155000
    3.334000     1.121000
    3.344000     1.085000
    3.354000     1.049000
    3.364000     1.012000
    3.374000     0.977000
    3.384000     0.943400
    3.394000     0.907200
    3.404000     0.873500
    3.414000     0.840700
    3.424000     0.806800
    3.434000     0.774300
    3.444000     0.741400
    3.454000     0.710100
    3.464000     0.677700
    3.474000     0.646900
    3.484000     0.616600
    3.494000     0.586800
    3.504000     0.557400
    3.514000     0.528600
    3.524000     0.500500
    3.534000     0.473100
    3.544000     0.446500
    3.554000     0.420100
    3.564000     0.394800
    3.574000     0.370000
    3.584000     0.345800
    3.594000     0.322400
    3.604000     0.299700
    3.614000     0.277900
    3.624000     0.256500
    3.634000     0.235800
    3.644000     0.216000
    3.654000     0.196700
    3.664000     0.178300
    3.674000     0.160500
    3.684000     0.143300
    3.694000     0.126960
    3.704000     0.111220
    3.714000     0.096240
    3.724000     0.081810
    3.734000     0.068120
    3.744000     0.055010
    3.754000     0.042531
    3.764000     0.030710
    3.774000     0.019496
    3.784000     0.008877
    3.794000    -0.001132
    3.804000    -0.010566
    3.814000    -0.019433
    3.824000    -0.027780
    3.834000    -0.035579
    3.844000    -0.042823
    3.854000    -0.049600
    3.864000    -0.055900
    3.874000    -0.061750
    3.884000    -0.067120
    3.894000    -0.071950
    3.904000    -0.076460
    3.914000    -0.080610
    3.924000    -0.084280
    3.934000    -0.087570
    3.944000    -0.090480
    3.954000    -0.092910
    3.964000    -0.095370
    3.974000    -0.097260
    3.984000    -0.098890
    3.994000    -0.100150
    4.004000    -0.101240
    4.014000    -0.101950
    4.024000    -0.102530
    4.034000    -0.102780
    4.044000    -0.103000
    4.054000    -0.102800
    4.064000    -0.102570
    4.074000    -0.102120
    4.084000    -0.101550
    4.094000    -0.100650
    4.104000    -0.099840
    4.114000    -0.098610
    4.124000    -0.097470
    4.134000    -0.096360
    4.144000    -0.094880
    4.154000    -0.093370
    4.164000    -0.091690
    4.174000    -0.090120
    4.184000    -0.088330
    4.194000    -0.086510
    4.204000    -0.084780
    4.214000    -0.082760
    4.224000    -0.080930
    4.234000    -0.078970
    4.244000    -0.076990
    4.254000    -0.074930
    4.264000    -0.072850
    4.274000    -0.071030
    4.284000    -0.069000
    4.294000    -0.066990
    4.304000    -0.064980
    4.314000    -0.063000
    4.324000    -0.061020
    4.334000    -0.059060
    4.344000    -0.057120
    4.354000    -0.055200
    4.364000    -0.053300
    4.374000    -0.051440
    4.384000    -0.049610
    4.394000    -0.047820
    4.404000    -0.046050
    4.414000    -0.044320
    4.424000    -0.042620
    4.434000    -0.040970
    4.444000    -0.039360
    4.454000    -0.037770
    4.464000    -0.036240
    4.474000    -0.034740
    4.484000    -0.033300
    4.494000    -0.031870
    4.504000    -0.030500
    4.514000    -0.029190
    4.524000    -0.027890
    4.534000    -0.026650
    4.544000    -0.025440
    4.554000    -0.024280
    4.564000    -0.023140
    4.574000    -0.022060
    4.584000    -0.021000
    4.594000    -0.020000
    4.604000    -0.019030
    4.614000    -0.018100
    4.624000    -0.017200
    4.634000    -0.016340
    4.644000    -0.015520
    4.654000    -0.014730
    4.664000    -0.013960
    4.674000    -0.013220
    4.684000    -0.012530
    4.694000    -0.011870
    4.704000    -0.011240
    4.714000    -0.010625
    4.724000    -0.010039
    4.734000    -0.009489
    4.744000    -0.008976
    4.754000    -0.008457
    4.764000    -0.007986
    4.774000    -0.007528
    4.784000    -0.007094
    4.794000    -0.006685
    4.804000    -0.006295
    4.814000    -0.005919
    4.824000    -0.005567
    4.834000    -0.005234
    4.844000    -0.004919
    4.854000    -0.004619
    4.864000    -0.004335
    4.874000    -0.004068
    4.884000    -0.003815
    4.894000    -0.003577
    4.904000    -0.003352
    4.914000    -0.003139
    4.924000    -0.002937
    4.934000    -0.002748
    4.944000    -0.002570
    4.954000    -0.002402
    4.964000    -0.002243
    4.974000    -0.002094
    4.984000    -0.001956
    4.994000    -0.001823
    5.004000    -0.001700
    5.014000    -0.001584
    5.024000    -0.001477
    5.034000    -0.001375
    5.044000    -0.001279
    5.054000    -0.001190
    5.064000    -0.001107
    5.074000    -0.001029
    5.084000    -0.000954
    5.094000    -0.000887
    5.104000    -0.000822
    5.114000    -0.000764
    5.124000    -0.000707
    5.134000    -0.000656
    5.144000    -0.000608
    5.154000    -0.000562
    5.164000    -0.000521
    5.174000    -0.000482
    5.184000    -0.000445
    5.194000    -0.000411
    5.204000    -0.000380
    5.214000    -0.000351
    5.224000    -0.000324
    5.234000    -0.000299
    5.244000    -0.000276
    5.254000    -0.000254
    5.264000    -0.000234
    5.274000    -0.000216
    5.284000    -0.000198
    5.294000    -0.000182
