# Energy    Summed_PDOS
  -27.116000    -0.000005
  -27.106000    -0.000006
  -27.096000    -0.000006
  -27.086000    -0.000007
  -27.076000    -0.000007
  -27.066000    -0.000008
  -27.056000    -0.000008
  -27.046000    -0.000009
  -27.036000    -0.000010
  -27.026000    -0.000010
  -27.016000    -0.000011
  -27.006000    -0.000012
  -26.996000    -0.000013
  -26.986000    -0.000014
  -26.976000    -0.000015
  -26.966000    -0.000016
  -26.956000    -0.000017
  -26.946000    -0.000018
  -26.936000    -0.000019
  -26.926000    -0.000020
  -26.916000    -0.000022
  -26.906000    -0.000023
  -26.896000    -0.000025
  -26.886000    -0.000027
  -26.876000    -0.000028
  -26.866000    -0.000030
  -26.856000    -0.000032
  -26.846000    -0.000034
  -26.836000    -0.000036
  -26.826000    -0.000039
  -26.816000    -0.000041
  -26.806000    -0.000044
  -26.796000    -0.000046
  -26.786000    -0.000049
  -26.776000    -0.000052
  -26.766000    -0.000055
  -26.756000    -0.000058
  -26.746000    -0.000062
  -26.736000    -0.000065
  -26.726000    -0.000069
  -26.716000    -0.000073
  -26.706000    -0.000077
  -26.696000    -0.000081
  -26.686000    -0.000086
  -26.676000    -0.000090
  -26.666000    -0.000095
  -26.656000    -0.000100
  -26.646000    -0.000105
  -26.636000    -0.000111
  -26.626000    -0.000116
  -26.616000    -0.000122
  -26.606000    -0.000128
  -26.596000    -0.000134
  -26.586000    -0.000141
  -26.576000    -0.000147
  -26.566000    -0.000154
  -26.556000    -0.000161
  -26.546000    -0.000168
  -26.536000    -0.000176
  -26.526000    -0.000183
  -26.516000    -0.000191
  -26.506000    -0.000199
  -26.496000    -0.000207
  -26.486000    -0.000216
  -26.476000    -0.000224
  -26.466000    -0.000233
  -26.456000    -0.000242
  -26.446000    -0.000251
  -26.436000    -0.000260
  -26.426000    -0.000269
  -26.416000    -0.000278
  -26.406000    -0.000288
  -26.396000    -0.000297
  -26.386000    -0.000307
  -26.376000    -0.000316
  -26.366000    -0.000326
  -26.356000    -0.000335
  -26.346000    -0.000345
  -26.336000    -0.000354
  -26.326000    -0.000363
  -26.316000    -0.000372
  -26.306000    -0.000382
  -26.296000    -0.000390
  -26.286000    -0.000398
  -26.276000    -0.000407
  -26.266000    -0.000415
  -26.256000    -0.000423
  -26.246000    -0.000430
  -26.236000    -0.000436
  -26.226000    -0.000442
  -26.216000    -0.000448
  -26.206000    -0.000452
  -26.196000    -0.000456
  -26.186000    -0.000460
  -26.176000    -0.000463
  -26.166000    -0.000466
  -26.156000    -0.000467
  -26.146000    -0.000467
  -26.136000    -0.000466
  -26.126000    -0.000463
  -26.116000    -0.000460
  -26.106000    -0.000455
  -26.096000    -0.000450
  -26.086000    -0.000442
  -26.076000    -0.000434
  -26.066000    -0.000423
  -26.056000    -0.000411
  -26.046000    -0.000398
  -26.036000    -0.000383
  -26.026000    -0.000365
  -26.016000    -0.000346
  -26.006000    -0.000325
  -25.996000    -0.000302
  -25.986000    -0.000277
  -25.976000    -0.000249
  -25.966000    -0.000220
  -25.956000    -0.000188
  -25.946000    -0.000153
  -25.936000    -0.000116
  -25.926000    -0.000077
  -25.916000    -0.000034
  -25.906000     0.000011
  -25.896000     0.000058
  -25.886000     0.000109
  -25.876000     0.000162
  -25.866000     0.000218
  -25.856000     0.000278
  -25.846000     0.000340
  -25.836000     0.000405
  -25.826000     0.000474
  -25.816000     0.000544
  -25.806000     0.000619
  -25.796000     0.000698
  -25.786000     0.000778
  -25.776000     0.000861
  -25.766000     0.000950
  -25.756000     0.001039
  -25.746000     0.001133
  -25.736000     0.001230
  -25.726000     0.001330
  -25.716000     0.001434
  -25.706000     0.001538
  -25.696000     0.001648
  -25.686000     0.001760
  -25.676000     0.001874
  -25.666000     0.001992
  -25.656000     0.002113
  -25.646000     0.002235
  -25.636000     0.002361
  -25.626000     0.002489
  -25.616000     0.002621
  -25.606000     0.002755
  -25.596000     0.002889
  -25.586000     0.003025
  -25.576000     0.003165
  -25.566000     0.003305
  -25.556000     0.003448
  -25.546000     0.003592
  -25.536000     0.003741
  -25.526000     0.003889
  -25.516000     0.004033
  -25.506000     0.004185
  -25.496000     0.004327
  -25.486000     0.004478
  -25.476000     0.004629
  -25.466000     0.004782
  -25.456000     0.004923
  -25.446000     0.005076
  -25.436000     0.005227
  -25.426000     0.005368
  -25.416000     0.005519
  -25.406000     0.005668
  -25.396000     0.005808
  -25.386000     0.005956
  -25.376000     0.006094
  -25.366000     0.006237
  -25.356000     0.006371
  -25.346000     0.006513
  -25.336000     0.006633
  -25.326000     0.006765
  -25.316000     0.006883
  -25.306000     0.007011
  -25.296000     0.007128
  -25.286000     0.007245
  -25.276000     0.007359
  -25.266000     0.007458
  -25.256000     0.007576
  -25.246000     0.007653
  -25.236000     0.007760
  -25.226000     0.007846
  -25.216000     0.007940
  -25.206000     0.008015
  -25.196000     0.008087
  -25.186000     0.008150
  -25.176000     0.008211
  -25.166000     0.008261
  -25.156000     0.008320
  -25.146000     0.008379
  -25.136000     0.008415
  -25.126000     0.008449
  -25.116000     0.008471
  -25.106000     0.008492
  -25.096000     0.008504
  -25.086000     0.008534
  -25.076000     0.008534
  -25.066000     0.008534
  -25.056000     0.008504
  -25.046000     0.008492
  -25.036000     0.008472
  -25.026000     0.008450
  -25.016000     0.008417
  -25.006000     0.008380
  -24.996000     0.008332
  -24.986000     0.008294
  -24.976000     0.008233
  -24.966000     0.008172
  -24.956000     0.008090
  -24.946000     0.008017
  -24.936000     0.007943
  -24.926000     0.007868
  -24.916000     0.007773
  -24.906000     0.007687
  -24.896000     0.007578
  -24.886000     0.007481
  -24.876000     0.007375
  -24.866000     0.007270
  -24.856000     0.007156
  -24.846000     0.007038
  -24.836000     0.006920
  -24.826000     0.006801
  -24.816000     0.006650
  -24.806000     0.006520
  -24.796000     0.006398
  -24.786000     0.006255
  -24.776000     0.006112
  -24.766000     0.005978
  -24.756000     0.005839
  -24.746000     0.005690
  -24.736000     0.005552
  -24.726000     0.005400
  -24.716000     0.005249
  -24.706000     0.005109
  -24.696000     0.004957
  -24.686000     0.004806
  -24.676000     0.004663
  -24.666000     0.004502
  -24.656000     0.004350
  -24.646000     0.004198
  -24.636000     0.004056
  -24.626000     0.003906
  -24.616000     0.003761
  -24.606000     0.003617
  -24.596000     0.003473
  -24.586000     0.003330
  -24.576000     0.003189
  -24.566000     0.003050
  -24.556000     0.002912
  -24.546000     0.002777
  -24.536000     0.002643
  -24.526000     0.002512
  -24.516000     0.002384
  -24.506000     0.002259
  -24.496000     0.002133
  -24.486000     0.002013
  -24.476000     0.001894
  -24.466000     0.001780
  -24.456000     0.001667
  -24.446000     0.001558
  -24.436000     0.001451
  -24.426000     0.001347
  -24.416000     0.001248
  -24.406000     0.001149
  -24.396000     0.001056
  -24.386000     0.000964
  -24.376000     0.000877
  -24.366000     0.000793
  -24.356000     0.000711
  -24.346000     0.000633
  -24.336000     0.000558
  -24.326000     0.000486
  -24.316000     0.000416
  -24.306000     0.000351
  -24.296000     0.000288
  -24.286000     0.000228
  -24.276000     0.000172
  -24.266000     0.000118
  -24.256000     0.000067
  -24.246000     0.000019
  -24.236000    -0.000027
  -24.226000    -0.000069
  -24.216000    -0.000109
  -24.206000    -0.000147
  -24.196000    -0.000182
  -24.186000    -0.000214
  -24.176000    -0.000244
  -24.166000    -0.000272
  -24.156000    -0.000298
  -24.146000    -0.000321
  -24.136000    -0.000343
  -24.126000    -0.000362
  -24.116000    -0.000379
  -24.106000    -0.000395
  -24.096000    -0.000409
  -24.086000    -0.000422
  -24.076000    -0.000431
  -24.066000    -0.000440
  -24.056000    -0.000448
  -24.046000    -0.000455
  -24.036000    -0.000459
  -24.026000    -0.000463
  -24.016000    -0.000464
  -24.006000    -0.000467
  -23.996000    -0.000467
  -23.986000    -0.000466
  -23.976000    -0.000463
  -23.966000    -0.000460
  -23.956000    -0.000458
  -23.946000    -0.000454
  -23.936000    -0.000448
  -23.926000    -0.000444
  -23.916000    -0.000438
  -23.906000    -0.000431
  -23.896000    -0.000423
  -23.886000    -0.000416
  -23.876000    -0.000408
  -23.866000    -0.000401
  -23.856000    -0.000392
  -23.846000    -0.000383
  -23.836000    -0.000374
  -23.826000    -0.000365
  -23.816000    -0.000356
  -23.806000    -0.000347
  -23.796000    -0.000337
  -23.786000    -0.000328
  -23.776000    -0.000318
  -23.766000    -0.000308
  -23.756000    -0.000299
  -23.746000    -0.000290
  -23.736000    -0.000280
  -23.726000    -0.000271
  -23.716000    -0.000261
  -23.706000    -0.000252
  -23.696000    -0.000243
  -23.686000    -0.000234
  -23.676000    -0.000226
  -23.666000    -0.000217
  -23.656000    -0.000209
  -23.646000    -0.000200
  -23.636000    -0.000192
  -23.626000    -0.000185
  -23.616000    -0.000177
  -23.606000    -0.000170
  -23.596000    -0.000162
  -23.586000    -0.000155
  -23.576000    -0.000148
  -23.566000    -0.000142
  -23.556000    -0.000135
  -23.546000    -0.000129
  -23.536000    -0.000123
  -23.526000    -0.000117
  -23.516000    -0.000112
  -23.506000    -0.000106
  -23.496000    -0.000101
  -23.486000    -0.000096
  -23.476000    -0.000091
  -23.466000    -0.000087
  -23.456000    -0.000082
  -23.446000    -0.000078
  -23.436000    -0.000074
  -23.426000    -0.000070
  -23.416000    -0.000066
  -23.406000    -0.000062
  -23.396000    -0.000059
  -23.386000    -0.000056
  -23.376000    -0.000053
  -23.366000    -0.000050
  -23.356000    -0.000047
  -23.346000    -0.000044
  -23.336000    -0.000042
  -23.326000    -0.000039
  -23.316000    -0.000037
  -23.306000    -0.000035
  -23.296000    -0.000032
  -23.286000    -0.000030
  -23.276000    -0.000029
  -23.266000    -0.000027
  -23.256000    -0.000025
  -23.246000    -0.000024
  -23.236000    -0.000022
  -23.226000    -0.000021
  -23.216000    -0.000019
  -23.206000    -0.000018
  -23.196000    -0.000017
  -23.186000    -0.000016
  -23.176000    -0.000015
  -23.166000    -0.000014
  -23.156000    -0.000013
  -23.146000    -0.000012
  -23.136000    -0.000011
  -23.126000    -0.000010
  -23.116000    -0.000010
  -23.106000    -0.000009
  -23.096000    -0.000008
  -23.086000    -0.000008
  -23.076000    -0.000007
  -23.066000    -0.000007
  -23.056000    -0.000006
  -23.046000    -0.000006
  -23.036000    -0.000005
  -23.026000    -0.000005
  -23.016000    -0.000005
  -23.006000    -0.000004
  -22.996000    -0.000004
  -22.986000    -0.000004
  -22.976000    -0.000003
  -22.966000    -0.000003
  -22.956000    -0.000003
  -22.946000    -0.000003
  -22.936000    -0.000002
  -22.926000    -0.000002
  -22.916000    -0.000002
  -22.906000    -0.000002
  -22.896000    -0.000002
  -22.886000    -0.000002
  -22.876000    -0.000001
  -22.866000    -0.000001
  -22.856000    -0.000001
  -22.846000    -0.000001
  -22.836000    -0.000001
  -22.826000    -0.000001
  -22.816000    -0.000001
  -22.806000    -0.000001
  -22.796000    -0.000001
  -22.786000    -0.000001
  -22.776000    -0.000001
  -22.766000    -0.000001
  -22.756000    -0.000001
  -22.746000    -0.000001
  -22.736000    -0.000000
  -22.726000    -0.000000
  -22.716000    -0.000000
  -22.706000    -0.000000
  -22.696000    -0.000000
  -22.686000    -0.000000
  -22.676000    -0.000000
  -22.666000    -0.000000
  -22.656000    -0.000000
  -22.646000    -0.000000
  -22.636000    -0.000000
  -22.626000    -0.000000
  -22.616000    -0.000000
  -22.606000    -0.000000
  -22.596000    -0.000000
  -22.586000    -0.000000
  -22.576000    -0.000000
  -22.566000    -0.000000
  -22.556000    -0.000000
  -22.546000    -0.000000
  -22.536000    -0.000000
  -22.526000    -0.000000
  -22.516000    -0.000000
  -22.506000    -0.000000
  -22.496000    -0.000000
  -22.486000    -0.000000
  -22.476000    -0.000000
  -22.466000    -0.000000
  -22.456000    -0.000000
  -22.446000    -0.000001
  -22.436000    -0.000001
  -22.426000    -0.000001
  -22.416000    -0.000001
  -22.406000    -0.000001
  -22.396000    -0.000001
  -22.386000    -0.000001
  -22.376000    -0.000001
  -22.366000    -0.000001
  -22.356000    -0.000001
  -22.346000    -0.000001
  -22.336000    -0.000001
  -22.326000    -0.000001
  -22.316000    -0.000001
  -22.306000    -0.000002
  -22.296000    -0.000002
  -22.286000    -0.000002
  -22.276000    -0.000002
  -22.266000    -0.000002
  -22.256000    -0.000002
  -22.246000    -0.000002
  -22.236000    -0.000003
  -22.226000    -0.000003
  -22.216000    -0.000003
  -22.206000    -0.000003
  -22.196000    -0.000003
  -22.186000    -0.000004
  -22.176000    -0.000004
  -22.166000    -0.000004
  -22.156000    -0.000004
  -22.146000    -0.000005
  -22.136000    -0.000005
  -22.126000    -0.000005
  -22.116000    -0.000006
  -22.106000    -0.000006
  -22.096000    -0.000006
  -22.086000    -0.000007
  -22.076000    -0.000007
  -22.066000    -0.000008
  -22.056000    -0.000008
  -22.046000    -0.000009
  -22.036000    -0.000009
  -22.026000    -0.000010
  -22.016000    -0.000011
  -22.006000    -0.000011
  -21.996000    -0.000012
  -21.986000    -0.000013
  -21.976000    -0.000013
  -21.966000    -0.000014
  -21.956000    -0.000015
  -21.946000    -0.000016
  -21.936000    -0.000017
  -21.926000    -0.000018
  -21.916000    -0.000019
  -21.906000    -0.000020
  -21.896000    -0.000021
  -21.886000    -0.000022
  -21.876000    -0.000023
  -21.866000    -0.000024
  -21.856000    -0.000026
  -21.846000    -0.000027
  -21.836000    -0.000028
  -21.826000    -0.000030
  -21.816000    -0.000031
  -21.806000    -0.000032
  -21.796000    -0.000034
  -21.786000    -0.000036
  -21.776000    -0.000037
  -21.766000    -0.000039
  -21.756000    -0.000041
  -21.746000    -0.000043
  -21.736000    -0.000044
  -21.726000    -0.000046
  -21.716000    -0.000048
  -21.706000    -0.000050
  -21.696000    -0.000052
  -21.686000    -0.000054
  -21.676000    -0.000056
  -21.666000    -0.000058
  -21.656000    -0.000061
  -21.646000    -0.000063
  -21.636000    -0.000065
  -21.626000    -0.000067
  -21.616000    -0.000070
  -21.606000    -0.000072
  -21.596000    -0.000074
  -21.586000    -0.000076
  -21.576000    -0.000079
  -21.566000    -0.000081
  -21.556000    -0.000083
  -21.546000    -0.000085
  -21.536000    -0.000088
  -21.526000    -0.000090
  -21.516000    -0.000092
  -21.506000    -0.000094
  -21.496000    -0.000096
  -21.486000    -0.000098
  -21.476000    -0.000100
  -21.466000    -0.000102
  -21.456000    -0.000103
  -21.446000    -0.000105
  -21.436000    -0.000106
  -21.426000    -0.000107
  -21.416000    -0.000109
  -21.406000    -0.000110
  -21.396000    -0.000110
  -21.386000    -0.000111
  -21.376000    -0.000111
  -21.366000    -0.000112
  -21.356000    -0.000112
  -21.346000    -0.000111
  -21.336000    -0.000111
  -21.326000    -0.000110
  -21.316000    -0.000108
  -21.306000    -0.000107
  -21.296000    -0.000105
  -21.286000    -0.000103
  -21.276000    -0.000101
  -21.266000    -0.000098
  -21.256000    -0.000094
  -21.246000    -0.000091
  -21.236000    -0.000086
  -21.226000    -0.000082
  -21.216000    -0.000076
  -21.206000    -0.000071
  -21.196000    -0.000065
  -21.186000    -0.000058
  -21.176000    -0.000051
  -21.166000    -0.000043
  -21.156000    -0.000034
  -21.146000    -0.000025
  -21.136000    -0.000016
  -21.126000    -0.000006
  -21.116000     0.000005
  -21.106000     0.000017
  -21.096000     0.000029
  -21.086000     0.000042
  -21.076000     0.000056
  -21.066000     0.000070
  -21.056000     0.000085
  -21.046000     0.000101
  -21.036000     0.000117
  -21.026000     0.000134
  -21.016000     0.000152
  -21.006000     0.000171
  -20.996000     0.000191
  -20.986000     0.000211
  -20.976000     0.000232
  -20.966000     0.000254
  -20.956000     0.000276
  -20.946000     0.000299
  -20.936000     0.000323
  -20.926000     0.000348
  -20.916000     0.000374
  -20.906000     0.000400
  -20.896000     0.000426
  -20.886000     0.000454
  -20.876000     0.000482
  -20.866000     0.000511
  -20.856000     0.000541
  -20.846000     0.000570
  -20.836000     0.000601
  -20.826000     0.000632
  -20.816000     0.000664
  -20.806000     0.000696
  -20.796000     0.000728
  -20.786000     0.000761
  -20.776000     0.000795
  -20.766000     0.000829
  -20.756000     0.000863
  -20.746000     0.000898
  -20.736000     0.000933
  -20.726000     0.000967
  -20.716000     0.001003
  -20.706000     0.001038
  -20.696000     0.001073
  -20.686000     0.001107
  -20.676000     0.001143
  -20.666000     0.001179
  -20.656000     0.001215
  -20.646000     0.001249
  -20.636000     0.001283
  -20.626000     0.001318
  -20.616000     0.001352
  -20.606000     0.001386
  -20.596000     0.001419
  -20.586000     0.001453
  -20.576000     0.001485
  -20.566000     0.001516
  -20.556000     0.001547
  -20.546000     0.001577
  -20.536000     0.001607
  -20.526000     0.001635
  -20.516000     0.001665
  -20.506000     0.001691
  -20.496000     0.001718
  -20.486000     0.001742
  -20.476000     0.001768
  -20.466000     0.001790
  -20.456000     0.001811
  -20.446000     0.001833
  -20.436000     0.001854
  -20.426000     0.001872
  -20.416000     0.001887
  -20.406000     0.001903
  -20.396000     0.001919
  -20.386000     0.001932
  -20.376000     0.001944
  -20.366000     0.001954
  -20.356000     0.001963
  -20.346000     0.001971
  -20.336000     0.001977
  -20.326000     0.001983
  -20.316000     0.001985
  -20.306000     0.001987
  -20.296000     0.001988
  -20.286000     0.001987
  -20.276000     0.001984
  -20.266000     0.001980
  -20.256000     0.001975
  -20.246000     0.001969
  -20.236000     0.001961
  -20.226000     0.001951
  -20.216000     0.001940
  -20.206000     0.001927
  -20.196000     0.001913
  -20.186000     0.001899
  -20.176000     0.001882
  -20.166000     0.001865
  -20.156000     0.001847
  -20.146000     0.001826
  -20.136000     0.001805
  -20.126000     0.001784
  -20.116000     0.001761
  -20.106000     0.001736
  -20.096000     0.001712
  -20.086000     0.001686
  -20.076000     0.001660
  -20.066000     0.001631
  -20.056000     0.001603
  -20.046000     0.001574
  -20.036000     0.001545
  -20.026000     0.001514
  -20.016000     0.001484
  -20.006000     0.001454
  -19.996000     0.001423
  -19.986000     0.001390
  -19.976000     0.001359
  -19.966000     0.001328
  -19.956000     0.001296
  -19.946000     0.001264
  -19.936000     0.001231
  -19.926000     0.001199
  -19.916000     0.001169
  -19.906000     0.001136
  -19.896000     0.001104
  -19.886000     0.001074
  -19.876000     0.001043
  -19.866000     0.001012
  -19.856000     0.000983
  -19.846000     0.000956
  -19.836000     0.000926
  -19.826000     0.000898
  -19.816000     0.000871
  -19.806000     0.000844
  -19.796000     0.000820
  -19.786000     0.000795
  -19.776000     0.000771
  -19.766000     0.000748
  -19.756000     0.000726
  -19.746000     0.000706
  -19.736000     0.000685
  -19.726000     0.000666
  -19.716000     0.000649
  -19.706000     0.000632
  -19.696000     0.000618
  -19.686000     0.000602
  -19.676000     0.000589
  -19.666000     0.000578
  -19.656000     0.000566
  -19.646000     0.000557
  -19.636000     0.000548
  -19.626000     0.000541
  -19.616000     0.000535
  -19.606000     0.000530
  -19.596000     0.000526
  -19.586000     0.000524
  -19.576000     0.000523
  -19.566000     0.000523
  -19.556000     0.000523
  -19.546000     0.000526
  -19.536000     0.000529
  -19.526000     0.000533
  -19.516000     0.000539
  -19.506000     0.000545
  -19.496000     0.000553
  -19.486000     0.000561
  -19.476000     0.000570
  -19.466000     0.000580
  -19.456000     0.000590
  -19.446000     0.000602
  -19.436000     0.000615
  -19.426000     0.000627
  -19.416000     0.000641
  -19.406000     0.000657
  -19.396000     0.000671
  -19.386000     0.000687
  -19.376000     0.000704
  -19.366000     0.000720
  -19.356000     0.000736
  -19.346000     0.000754
  -19.336000     0.000772
  -19.326000     0.000790
  -19.316000     0.000807
  -19.306000     0.000827
  -19.296000     0.000844
  -19.286000     0.000862
  -19.276000     0.000881
  -19.266000     0.000900
  -19.256000     0.000917
  -19.246000     0.000935
  -19.236000     0.000953
  -19.226000     0.000971
  -19.216000     0.000987
  -19.206000     0.001005
  -19.196000     0.001022
  -19.186000     0.001038
  -19.176000     0.001054
  -19.166000     0.001069
  -19.156000     0.001083
  -19.146000     0.001098
  -19.136000     0.001110
  -19.126000     0.001123
  -19.116000     0.001135
  -19.106000     0.001146
  -19.096000     0.001156
  -19.086000     0.001166
  -19.076000     0.001176
  -19.066000     0.001184
  -19.056000     0.001190
  -19.046000     0.001197
  -19.036000     0.001202
  -19.026000     0.001206
  -19.016000     0.001212
  -19.006000     0.001214
  -18.996000     0.001216
  -18.986000     0.001216
  -18.976000     0.001216
  -18.966000     0.001216
  -18.956000     0.001214
  -18.946000     0.001210
  -18.936000     0.001207
  -18.926000     0.001202
  -18.916000     0.001197
  -18.906000     0.001191
  -18.896000     0.001184
  -18.886000     0.001174
  -18.876000     0.001165
  -18.866000     0.001155
  -18.856000     0.001144
  -18.846000     0.001132
  -18.836000     0.001119
  -18.826000     0.001107
  -18.816000     0.001093
  -18.806000     0.001078
  -18.796000     0.001063
  -18.786000     0.001046
  -18.776000     0.001030
  -18.766000     0.001012
  -18.756000     0.000993
  -18.746000     0.000975
  -18.736000     0.000956
  -18.726000     0.000937
  -18.716000     0.000917
  -18.706000     0.000896
  -18.696000     0.000876
  -18.686000     0.000853
  -18.676000     0.000831
  -18.666000     0.000810
  -18.656000     0.000789
  -18.646000     0.000767
  -18.636000     0.000744
  -18.626000     0.000721
  -18.616000     0.000698
  -18.606000     0.000674
  -18.596000     0.000651
  -18.586000     0.000628
  -18.576000     0.000605
  -18.566000     0.000581
  -18.556000     0.000558
  -18.546000     0.000536
  -18.536000     0.000512
  -18.526000     0.000489
  -18.516000     0.000466
  -18.506000     0.000444
  -18.496000     0.000421
  -18.486000     0.000398
  -18.476000     0.000376
  -18.466000     0.000354
  -18.456000     0.000332
  -18.446000     0.000311
  -18.436000     0.000290
  -18.426000     0.000269
  -18.416000     0.000248
  -18.406000     0.000228
  -18.396000     0.000207
  -18.386000     0.000188
  -18.376000     0.000168
  -18.366000     0.000149
  -18.356000     0.000131
  -18.346000     0.000112
  -18.336000     0.000095
  -18.326000     0.000077
  -18.316000     0.000060
  -18.306000     0.000043
  -18.296000     0.000027
  -18.286000     0.000011
  -18.276000    -0.000005
  -18.266000    -0.000020
  -18.256000    -0.000035
  -18.246000    -0.000049
  -18.236000    -0.000063
  -18.226000    -0.000077
  -18.216000    -0.000090
  -18.206000    -0.000103
  -18.196000    -0.000115
  -18.186000    -0.000127
  -18.176000    -0.000139
  -18.166000    -0.000150
  -18.156000    -0.000161
  -18.146000    -0.000171
  -18.136000    -0.000181
  -18.126000    -0.000190
  -18.116000    -0.000199
  -18.106000    -0.000208
  -18.096000    -0.000216
  -18.086000    -0.000223
  -18.076000    -0.000231
  -18.066000    -0.000237
  -18.056000    -0.000244
  -18.046000    -0.000250
  -18.036000    -0.000255
  -18.026000    -0.000260
  -18.016000    -0.000264
  -18.006000    -0.000268
  -17.996000    -0.000271
  -17.986000    -0.000274
  -17.976000    -0.000276
  -17.966000    -0.000278
  -17.956000    -0.000279
  -17.946000    -0.000279
  -17.936000    -0.000279
  -17.926000    -0.000278
  -17.916000    -0.000277
  -17.906000    -0.000274
  -17.896000    -0.000271
  -17.886000    -0.000268
  -17.876000    -0.000263
  -17.866000    -0.000258
  -17.856000    -0.000252
  -17.846000    -0.000245
  -17.836000    -0.000238
  -17.826000    -0.000229
  -17.816000    -0.000219
  -17.806000    -0.000209
  -17.796000    -0.000197
  -17.786000    -0.000185
  -17.776000    -0.000172
  -17.766000    -0.000157
  -17.756000    -0.000141
  -17.746000    -0.000125
  -17.736000    -0.000107
  -17.726000    -0.000088
  -17.716000    -0.000068
  -17.706000    -0.000046
  -17.696000    -0.000024
  -17.686000    -0.000000
  -17.676000     0.000025
  -17.666000     0.000051
  -17.656000     0.000079
  -17.646000     0.000108
  -17.636000     0.000138
  -17.626000     0.000170
  -17.616000     0.000203
  -17.606000     0.000238
  -17.596000     0.000273
  -17.586000     0.000311
  -17.576000     0.000349
  -17.566000     0.000389
  -17.556000     0.000430
  -17.546000     0.000473
  -17.536000     0.000517
  -17.526000     0.000562
  -17.516000     0.000610
  -17.506000     0.000657
  -17.496000     0.000706
  -17.486000     0.000759
  -17.476000     0.000809
  -17.466000     0.000862
  -17.456000     0.000917
  -17.446000     0.000972
  -17.436000     0.001030
  -17.426000     0.001088
  -17.416000     0.001145
  -17.406000     0.001207
  -17.396000     0.001267
  -17.386000     0.001327
  -17.376000     0.001390
  -17.366000     0.001455
  -17.356000     0.001517
  -17.346000     0.001582
  -17.336000     0.001648
  -17.326000     0.001714
  -17.316000     0.001780
  -17.306000     0.001846
  -17.296000     0.001913
  -17.286000     0.001980
  -17.276000     0.002047
  -17.266000     0.002115
  -17.256000     0.002182
  -17.246000     0.002249
  -17.236000     0.002314
  -17.226000     0.002381
  -17.216000     0.002447
  -17.206000     0.002511
  -17.196000     0.002577
  -17.186000     0.002639
  -17.176000     0.002704
  -17.166000     0.002766
  -17.156000     0.002826
  -17.146000     0.002888
  -17.136000     0.002947
  -17.126000     0.003004
  -17.116000     0.003062
  -17.106000     0.003116
  -17.096000     0.003170
  -17.086000     0.003220
  -17.076000     0.003272
  -17.066000     0.003318
  -17.056000     0.003365
  -17.046000     0.003411
  -17.036000     0.003453
  -17.026000     0.003492
  -17.016000     0.003530
  -17.006000     0.003567
  -16.996000     0.003601
  -16.986000     0.003634
  -16.976000     0.003662
  -16.966000     0.003687
  -16.956000     0.003712
  -16.946000     0.003735
  -16.936000     0.003752
  -16.926000     0.003769
  -16.916000     0.003782
  -16.906000     0.003795
  -16.896000     0.003800
  -16.886000     0.003808
  -16.876000     0.003811
  -16.866000     0.003811
  -16.856000     0.003810
  -16.846000     0.003805
  -16.836000     0.003796
  -16.826000     0.003786
  -16.816000     0.003776
  -16.806000     0.003760
  -16.796000     0.003740
  -16.786000     0.003721
  -16.776000     0.003697
  -16.766000     0.003671
  -16.756000     0.003644
  -16.746000     0.003615
  -16.736000     0.003582
  -16.726000     0.003548
  -16.716000     0.003508
  -16.706000     0.003471
  -16.696000     0.003432
  -16.686000     0.003388
  -16.676000     0.003343
  -16.666000     0.003296
  -16.656000     0.003249
  -16.646000     0.003200
  -16.636000     0.003149
  -16.626000     0.003094
  -16.616000     0.003041
  -16.606000     0.002985
  -16.596000     0.002929
  -16.586000     0.002871
  -16.576000     0.002813
  -16.566000     0.002753
  -16.556000     0.002693
  -16.546000     0.002633
  -16.536000     0.002570
  -16.526000     0.002510
  -16.516000     0.002446
  -16.506000     0.002382
  -16.496000     0.002319
  -16.486000     0.002255
  -16.476000     0.002192
  -16.466000     0.002129
  -16.456000     0.002067
  -16.446000     0.002003
  -16.436000     0.001940
  -16.426000     0.001877
  -16.416000     0.001813
  -16.406000     0.001754
  -16.396000     0.001690
  -16.386000     0.001630
  -16.376000     0.001571
  -16.366000     0.001511
  -16.356000     0.001452
  -16.346000     0.001395
  -16.336000     0.001339
  -16.326000     0.001282
  -16.316000     0.001227
  -16.306000     0.001174
  -16.296000     0.001121
  -16.286000     0.001069
  -16.276000     0.001019
  -16.266000     0.000969
  -16.256000     0.000919
  -16.246000     0.000874
  -16.236000     0.000827
  -16.226000     0.000782
  -16.216000     0.000738
  -16.206000     0.000698
  -16.196000     0.000657
  -16.186000     0.000618
  -16.176000     0.000580
  -16.166000     0.000542
  -16.156000     0.000506
  -16.146000     0.000472
  -16.136000     0.000439
  -16.126000     0.000407
  -16.116000     0.000377
  -16.106000     0.000348
  -16.096000     0.000319
  -16.086000     0.000293
  -16.076000     0.000267
  -16.066000     0.000242
  -16.056000     0.000219
  -16.046000     0.000196
  -16.036000     0.000175
  -16.026000     0.000155
  -16.016000     0.000136
  -16.006000     0.000118
  -15.996000     0.000101
  -15.986000     0.000085
  -15.976000     0.000070
  -15.966000     0.000056
  -15.956000     0.000042
  -15.946000     0.000030
  -15.936000     0.000018
  -15.926000     0.000007
  -15.916000    -0.000003
  -15.906000    -0.000013
  -15.896000    -0.000021
  -15.886000    -0.000029
  -15.876000    -0.000037
  -15.866000    -0.000044
  -15.856000    -0.000050
  -15.846000    -0.000055
  -15.836000    -0.000061
  -15.826000    -0.000065
  -15.816000    -0.000070
  -15.806000    -0.000073
  -15.796000    -0.000077
  -15.786000    -0.000080
  -15.776000    -0.000082
  -15.766000    -0.000084
  -15.756000    -0.000086
  -15.746000    -0.000088
  -15.736000    -0.000090
  -15.726000    -0.000091
  -15.716000    -0.000092
  -15.706000    -0.000092
  -15.696000    -0.000093
  -15.686000    -0.000093
  -15.676000    -0.000093
  -15.666000    -0.000093
  -15.656000    -0.000093
  -15.646000    -0.000093
  -15.636000    -0.000092
  -15.626000    -0.000092
  -15.616000    -0.000091
  -15.606000    -0.000091
  -15.596000    -0.000090
  -15.586000    -0.000090
  -15.576000    -0.000089
  -15.566000    -0.000088
  -15.556000    -0.000088
  -15.546000    -0.000087
  -15.536000    -0.000086
  -15.526000    -0.000086
  -15.516000    -0.000085
  -15.506000    -0.000084
  -15.496000    -0.000084
  -15.486000    -0.000083
  -15.476000    -0.000083
  -15.466000    -0.000082
  -15.456000    -0.000082
  -15.446000    -0.000081
  -15.436000    -0.000081
  -15.426000    -0.000081
  -15.416000    -0.000081
  -15.406000    -0.000081
  -15.396000    -0.000081
  -15.386000    -0.000081
  -15.376000    -0.000081
  -15.366000    -0.000082
  -15.356000    -0.000082
  -15.346000    -0.000083
  -15.336000    -0.000083
  -15.326000    -0.000084
  -15.316000    -0.000085
  -15.306000    -0.000086
  -15.296000    -0.000087
  -15.286000    -0.000088
  -15.276000    -0.000089
  -15.266000    -0.000090
  -15.256000    -0.000092
  -15.246000    -0.000093
  -15.236000    -0.000095
  -15.226000    -0.000097
  -15.216000    -0.000098
  -15.206000    -0.000100
  -15.196000    -0.000102
  -15.186000    -0.000105
  -15.176000    -0.000107
  -15.166000    -0.000109
  -15.156000    -0.000112
  -15.146000    -0.000114
  -15.136000    -0.000117
  -15.126000    -0.000120
  -15.116000    -0.000123
  -15.106000    -0.000126
  -15.096000    -0.000129
  -15.086000    -0.000132
  -15.076000    -0.000135
  -15.066000    -0.000139
  -15.056000    -0.000142
  -15.046000    -0.000145
  -15.036000    -0.000149
  -15.026000    -0.000153
  -15.016000    -0.000156
  -15.006000    -0.000160
  -14.996000    -0.000163
  -14.986000    -0.000167
  -14.976000    -0.000171
  -14.966000    -0.000174
  -14.956000    -0.000178
  -14.946000    -0.000182
  -14.936000    -0.000185
  -14.926000    -0.000189
  -14.916000    -0.000192
  -14.906000    -0.000196
  -14.896000    -0.000199
  -14.886000    -0.000203
  -14.876000    -0.000206
  -14.866000    -0.000209
  -14.856000    -0.000211
  -14.846000    -0.000214
  -14.836000    -0.000217
  -14.826000    -0.000219
  -14.816000    -0.000221
  -14.806000    -0.000223
  -14.796000    -0.000224
  -14.786000    -0.000225
  -14.776000    -0.000226
  -14.766000    -0.000227
  -14.756000    -0.000227
  -14.746000    -0.000227
  -14.736000    -0.000226
  -14.726000    -0.000225
  -14.716000    -0.000224
  -14.706000    -0.000221
  -14.696000    -0.000219
  -14.686000    -0.000216
  -14.676000    -0.000212
  -14.666000    -0.000208
  -14.656000    -0.000203
  -14.646000    -0.000197
  -14.636000    -0.000191
  -14.626000    -0.000184
  -14.616000    -0.000176
  -14.606000    -0.000168
  -14.596000    -0.000158
  -14.586000    -0.000148
  -14.576000    -0.000137
  -14.566000    -0.000125
  -14.556000    -0.000112
  -14.546000    -0.000098
  -14.536000    -0.000083
  -14.526000    -0.000067
  -14.516000    -0.000050
  -14.506000    -0.000032
  -14.496000    -0.000013
  -14.486000     0.000007
  -14.476000     0.000029
  -14.466000     0.000051
  -14.456000     0.000075
  -14.446000     0.000100
  -14.436000     0.000127
  -14.426000     0.000154
  -14.416000     0.000183
  -14.406000     0.000214
  -14.396000     0.000245
  -14.386000     0.000278
  -14.376000     0.000312
  -14.366000     0.000348
  -14.356000     0.000386
  -14.346000     0.000424
  -14.336000     0.000464
  -14.326000     0.000505
  -14.316000     0.000548
  -14.306000     0.000592
  -14.296000     0.000637
  -14.286000     0.000684
  -14.276000     0.000733
  -14.266000     0.000784
  -14.256000     0.000834
  -14.246000     0.000888
  -14.236000     0.000942
  -14.226000     0.000997
  -14.216000     0.001055
  -14.206000     0.001112
  -14.196000     0.001171
  -14.186000     0.001234
  -14.176000     0.001297
  -14.166000     0.001360
  -14.156000     0.001425
  -14.146000     0.001490
  -14.136000     0.001557
  -14.126000     0.001625
  -14.116000     0.001696
  -14.106000     0.001765
  -14.096000     0.001838
  -14.086000     0.001911
  -14.076000     0.001983
  -14.066000     0.002059
  -14.056000     0.002133
  -14.046000     0.002209
  -14.036000     0.002286
  -14.026000     0.002366
  -14.016000     0.002443
  -14.006000     0.002522
  -13.996000     0.002602
  -13.986000     0.002682
  -13.976000     0.002760
  -13.966000     0.002840
  -13.956000     0.002922
  -13.946000     0.003002
  -13.936000     0.003083
  -13.926000     0.003166
  -13.916000     0.003248
  -13.906000     0.003327
  -13.896000     0.003409
  -13.886000     0.003491
  -13.876000     0.003571
  -13.866000     0.003650
  -13.856000     0.003732
  -13.846000     0.003811
  -13.836000     0.003889
  -13.826000     0.003969
  -13.816000     0.004043
  -13.806000     0.004118
  -13.796000     0.004200
  -13.786000     0.004270
  -13.776000     0.004340
  -13.766000     0.004421
  -13.756000     0.004489
  -13.746000     0.004559
  -13.736000     0.004635
  -13.726000     0.004700
  -13.716000     0.004765
  -13.706000     0.004830
  -13.696000     0.004892
  -13.686000     0.004951
  -13.676000     0.005012
  -13.666000     0.005072
  -13.656000     0.005129
  -13.646000     0.005185
  -13.636000     0.005240
  -13.626000     0.005298
  -13.616000     0.005341
  -13.606000     0.005383
  -13.596000     0.005435
  -13.586000     0.005474
  -13.576000     0.005515
  -13.566000     0.005553
  -13.556000     0.005600
  -13.546000     0.005624
  -13.536000     0.005659
  -13.526000     0.005694
  -13.516000     0.005715
  -13.506000     0.005743
  -13.496000     0.005764
  -13.486000     0.005792
  -13.476000     0.005808
  -13.466000     0.005813
  -13.456000     0.005838
  -13.446000     0.005840
  -13.436000     0.005850
  -13.426000     0.005861
  -13.416000     0.005860
  -13.406000     0.005856
  -13.396000     0.005851
  -13.386000     0.005846
  -13.376000     0.005848
  -13.366000     0.005843
  -13.356000     0.005833
  -13.346000     0.005813
  -13.336000     0.005801
  -13.326000     0.005779
  -13.316000     0.005764
  -13.306000     0.005740
  -13.296000     0.005714
  -13.286000     0.005676
  -13.276000     0.005657
  -13.266000     0.005629
  -13.256000     0.005587
  -13.246000     0.005556
  -13.236000     0.005513
  -13.226000     0.005480
  -13.216000     0.005436
  -13.206000     0.005389
  -13.196000     0.005353
  -13.186000     0.005294
  -13.176000     0.005247
  -13.166000     0.005198
  -13.156000     0.005147
  -13.146000     0.005087
  -13.136000     0.005033
  -13.126000     0.004972
  -13.116000     0.004919
  -13.106000     0.004866
  -13.096000     0.004801
  -13.086000     0.004726
  -13.076000     0.004660
  -13.066000     0.004595
  -13.056000     0.004538
  -13.046000     0.004467
  -13.036000     0.004402
  -13.026000     0.004324
  -13.016000     0.004256
  -13.006000     0.004187
  -12.996000     0.004118
  -12.986000     0.004038
  -12.976000     0.003966
  -12.966000     0.003891
  -12.956000     0.003816
  -12.946000     0.003740
  -12.936000     0.003663
  -12.926000     0.003588
  -12.916000     0.003509
  -12.906000     0.003433
  -12.896000     0.003355
  -12.886000     0.003278
  -12.876000     0.003198
  -12.866000     0.003121
  -12.856000     0.003043
  -12.846000     0.002964
  -12.836000     0.002886
  -12.826000     0.002809
  -12.816000     0.002730
  -12.806000     0.002652
  -12.796000     0.002575
  -12.786000     0.002497
  -12.776000     0.002420
  -12.766000     0.002344
  -12.756000     0.002266
  -12.746000     0.002192
  -12.736000     0.002116
  -12.726000     0.002041
  -12.716000     0.001967
  -12.706000     0.001894
  -12.696000     0.001821
  -12.686000     0.001749
  -12.676000     0.001678
  -12.666000     0.001605
  -12.656000     0.001534
  -12.646000     0.001465
  -12.636000     0.001397
  -12.626000     0.001330
  -12.616000     0.001261
  -12.606000     0.001195
  -12.596000     0.001131
  -12.586000     0.001065
  -12.576000     0.001003
  -12.566000     0.000940
  -12.556000     0.000879
  -12.546000     0.000819
  -12.536000     0.000759
  -12.526000     0.000701
  -12.516000     0.000644
  -12.506000     0.000588
  -12.496000     0.000533
  -12.486000     0.000480
  -12.476000     0.000427
  -12.466000     0.000376
  -12.456000     0.000326
  -12.446000     0.000277
  -12.436000     0.000229
  -12.426000     0.000183
  -12.416000     0.000138
  -12.406000     0.000094
  -12.396000     0.000052
  -12.386000     0.000011
  -12.376000    -0.000028
  -12.366000    -0.000067
  -12.356000    -0.000103
  -12.346000    -0.000139
  -12.336000    -0.000173
  -12.326000    -0.000205
  -12.316000    -0.000236
  -12.306000    -0.000265
  -12.296000    -0.000293
  -12.286000    -0.000319
  -12.276000    -0.000343
  -12.266000    -0.000366
  -12.256000    -0.000388
  -12.246000    -0.000406
  -12.236000    -0.000424
  -12.226000    -0.000439
  -12.216000    -0.000453
  -12.206000    -0.000466
  -12.196000    -0.000476
  -12.186000    -0.000484
  -12.176000    -0.000490
  -12.166000    -0.000494
  -12.156000    -0.000496
  -12.146000    -0.000496
  -12.136000    -0.000494
  -12.126000    -0.000490
  -12.116000    -0.000484
  -12.106000    -0.000474
  -12.096000    -0.000463
  -12.086000    -0.000451
  -12.076000    -0.000434
  -12.066000    -0.000416
  -12.056000    -0.000395
  -12.046000    -0.000373
  -12.036000    -0.000347
  -12.026000    -0.000319
  -12.016000    -0.000288
  -12.006000    -0.000254
  -11.996000    -0.000218
  -11.986000    -0.000179
  -11.976000    -0.000138
  -11.966000    -0.000093
  -11.956000    -0.000046
  -11.946000     0.000004
  -11.936000     0.000056
  -11.926000     0.000112
  -11.916000     0.000170
  -11.906000     0.000231
  -11.896000     0.000296
  -11.886000     0.000362
  -11.876000     0.000432
  -11.866000     0.000505
  -11.856000     0.000581
  -11.846000     0.000659
  -11.836000     0.000740
  -11.826000     0.000824
  -11.816000     0.000911
  -11.806000     0.001000
  -11.796000     0.001092
  -11.786000     0.001187
  -11.776000     0.001284
  -11.766000     0.001383
  -11.756000     0.001487
  -11.746000     0.001590
  -11.736000     0.001698
  -11.726000     0.001807
  -11.716000     0.001919
  -11.706000     0.002033
  -11.696000     0.002147
  -11.686000     0.002264
  -11.676000     0.002383
  -11.666000     0.002504
  -11.656000     0.002627
  -11.646000     0.002750
  -11.636000     0.002877
  -11.626000     0.003001
  -11.616000     0.003130
  -11.606000     0.003256
  -11.596000     0.003386
  -11.586000     0.003516
  -11.576000     0.003644
  -11.566000     0.003774
  -11.556000     0.003906
  -11.546000     0.004035
  -11.536000     0.004163
  -11.526000     0.004293
  -11.516000     0.004421
  -11.506000     0.004549
  -11.496000     0.004676
  -11.486000     0.004799
  -11.476000     0.004927
  -11.466000     0.005043
  -11.456000     0.005171
  -11.446000     0.005282
  -11.436000     0.005404
  -11.426000     0.005513
  -11.416000     0.005629
  -11.406000     0.005733
  -11.396000     0.005846
  -11.386000     0.005948
  -11.376000     0.006048
  -11.366000     0.006145
  -11.356000     0.006238
  -11.346000     0.006322
  -11.336000     0.006413
  -11.326000     0.006488
  -11.316000     0.006570
  -11.306000     0.006632
  -11.296000     0.006701
  -11.286000     0.006767
  -11.276000     0.006821
  -11.266000     0.006874
  -11.256000     0.006924
  -11.246000     0.006959
  -11.236000     0.006993
  -11.226000     0.007023
  -11.216000     0.007051
  -11.206000     0.007066
  -11.196000     0.007079
  -11.186000     0.007077
  -11.176000     0.007072
  -11.166000     0.007063
  -11.156000     0.007052
  -11.146000     0.007038
  -11.136000     0.007000
  -11.126000     0.006967
  -11.116000     0.006912
  -11.106000     0.006883
  -11.096000     0.006819
  -11.086000     0.006749
  -11.076000     0.006668
  -11.066000     0.006591
  -11.056000     0.006511
  -11.046000     0.006407
  -11.036000     0.006295
  -11.026000     0.006181
  -11.016000     0.006056
  -11.006000     0.005927
  -10.996000     0.005789
  -10.986000     0.005635
  -10.976000     0.005485
  -10.966000     0.005309
  -10.956000     0.005135
  -10.946000     0.004944
  -10.936000     0.004748
  -10.926000     0.004543
  -10.916000     0.004322
  -10.906000     0.004100
  -10.896000     0.003860
  -10.886000     0.003610
  -10.876000     0.003348
  -10.866000     0.003076
  -10.856000     0.002789
  -10.846000     0.002493
  -10.836000     0.002185
  -10.826000     0.001863
  -10.816000     0.001527
  -10.806000     0.001177
  -10.796000     0.000815
  -10.786000     0.000435
  -10.776000     0.000044
  -10.766000    -0.000362
  -10.756000    -0.000787
  -10.746000    -0.001224
  -10.736000    -0.001679
  -10.726000    -0.002150
  -10.716000    -0.002642
  -10.706000    -0.003145
  -10.696000    -0.003672
  -10.686000    -0.004216
  -10.676000    -0.004781
  -10.666000    -0.005361
  -10.656000    -0.005965
  -10.646000    -0.006586
  -10.636000    -0.007229
  -10.626000    -0.007897
  -10.616000    -0.008584
  -10.606000    -0.009294
  -10.596000    -0.010026
  -10.586000    -0.010788
  -10.576000    -0.011559
  -10.566000    -0.012365
  -10.556000    -0.013197
  -10.546000    -0.014051
  -10.536000    -0.014915
  -10.526000    -0.015815
  -10.516000    -0.016747
  -10.506000    -0.017701
  -10.496000    -0.018680
  -10.486000    -0.019671
  -10.476000    -0.020703
  -10.466000    -0.021746
  -10.456000    -0.022832
  -10.446000    -0.023933
  -10.436000    -0.025056
  -10.426000    -0.026224
  -10.416000    -0.027373
  -10.406000    -0.028556
  -10.396000    -0.029792
  -10.386000    -0.031011
  -10.376000    -0.032282
  -10.366000    -0.033550
  -10.356000    -0.034840
  -10.346000    -0.036135
  -10.336000    -0.037461
  -10.326000    -0.038786
  -10.316000    -0.040132
  -10.306000    -0.041457
  -10.296000    -0.042843
  -10.286000    -0.044179
  -10.276000    -0.045524
  -10.266000    -0.046890
  -10.256000    -0.048215
  -10.246000    -0.049572
  -10.236000    -0.050907
  -10.226000    -0.052201
  -10.216000    -0.053466
  -10.206000    -0.054751
  -10.196000    -0.055984
  -10.186000    -0.057189
  -10.176000    -0.058341
  -10.166000    -0.059473
  -10.156000    -0.060535
  -10.146000    -0.061567
  -10.136000    -0.062508
  -10.126000    -0.063368
  -10.116000    -0.064196
  -10.106000    -0.064914
  -10.096000    -0.065591
  -10.086000    -0.066147
  -10.076000    -0.066603
  -10.066000    -0.066966
  -10.056000    -0.067189
  -10.046000    -0.067329
  -10.036000    -0.067279
  -10.026000    -0.067116
  -10.016000    -0.066813
  -10.006000    -0.066328
   -9.996000    -0.065700
   -9.986000    -0.064891
   -9.976000    -0.063900
   -9.966000    -0.062706
   -9.956000    -0.061311
   -9.946000    -0.059743
   -9.936000    -0.057903
   -9.926000    -0.055847
   -9.916000    -0.053540
   -9.906000    -0.050994
   -9.896000    -0.048185
   -9.886000    -0.045076
   -9.876000    -0.041724
   -9.866000    -0.038067
   -9.856000    -0.034106
   -9.846000    -0.029850
   -9.836000    -0.025262
   -9.826000    -0.020330
   -9.816000    -0.015079
   -9.806000    -0.009485
   -9.796000    -0.003537
   -9.786000     0.002804
   -9.776000     0.009481
   -9.766000     0.016568
   -9.756000     0.024043
   -9.746000     0.031861
   -9.736000     0.040151
   -9.726000     0.048820
   -9.716000     0.057877
   -9.706000     0.067369
   -9.696000     0.077300
   -9.686000     0.087606
   -9.676000     0.098364
   -9.666000     0.109678
   -9.656000     0.121346
   -9.646000     0.133378
   -9.636000     0.145894
   -9.626000     0.158965
   -9.616000     0.172410
   -9.606000     0.186300
   -9.596000     0.200514
   -9.586000     0.215262
   -9.576000     0.230513
   -9.566000     0.246250
   -9.556000     0.262178
   -9.546000     0.278689
   -9.536000     0.295582
   -9.526000     0.312788
   -9.516000     0.330516
   -9.506000     0.348368
   -9.496000     0.367151
   -9.486000     0.385947
   -9.476000     0.405045
   -9.466000     0.424736
   -9.456000     0.444540
   -9.446000     0.465046
   -9.436000     0.485354
   -9.426000     0.506455
   -9.416000     0.527778
   -9.406000     0.549101
   -9.396000     0.570422
   -9.386000     0.592360
   -9.376000     0.614580
   -9.366000     0.637010
   -9.356000     0.659650
   -9.346000     0.682290
   -9.336000     0.705030
   -9.326000     0.727970
   -9.316000     0.750910
   -9.306000     0.774270
   -9.296000     0.797620
   -9.286000     0.820880
   -9.276000     0.844140
   -9.266000     0.867500
   -9.256000     0.890860
   -9.246000     0.914120
   -9.236000     0.937390
   -9.226000     0.960560
   -9.216000     0.983830
   -9.206000     1.006820
   -9.196000     1.029990
   -9.186000     1.052770
   -9.176000     1.074150
   -9.166000     1.096930
   -9.156000     1.119420
   -9.146000     1.141510
   -9.136000     1.162990
   -9.126000     1.183580
   -9.116000     1.204270
   -9.106000     1.225670
   -9.096000     1.245760
   -9.086000     1.265750
   -9.076000     1.286560
   -9.066000     1.306060
   -9.056000     1.325470
   -9.046000     1.342560
   -9.036000     1.361670
   -9.026000     1.379180
   -9.016000     1.396190
   -9.006000     1.414100
   -8.996000     1.430310
   -8.986000     1.447940
   -8.976000     1.463640
   -8.966000     1.477060
   -8.956000     1.492270
   -8.946000     1.506200
   -8.936000     1.520020
   -8.926000     1.531550
   -8.916000     1.544970
   -8.906000     1.559300
   -8.896000     1.570110
   -8.886000     1.583140
   -8.876000     1.592580
   -8.866000     1.603920
   -8.856000     1.614040
   -8.846000     1.620970
   -8.836000     1.631900
   -8.826000     1.640440
   -8.816000     1.649780
   -8.806000     1.655900
   -8.796000     1.663940
   -8.786000     1.669690
   -8.776000     1.675320
   -8.766000     1.682850
   -8.756000     1.689090
   -8.746000     1.693120
   -8.736000     1.696250
   -8.726000     1.700890
   -8.716000     1.703510
   -8.706000     1.705950
   -8.696000     1.710170
   -8.686000     1.711300
   -8.676000     1.713220
   -8.666000     1.716160
   -8.656000     1.717780
   -8.646000     1.717390
   -8.636000     1.718910
   -8.626000     1.720220
   -8.616000     1.718430
   -8.606000     1.717320
   -8.596000     1.716540
   -8.586000     1.716430
   -8.576000     1.715140
   -8.566000     1.711810
   -8.556000     1.708400
   -8.546000     1.708690
   -8.536000     1.703350
   -8.526000     1.699410
   -8.516000     1.698790
   -8.506000     1.695050
   -8.496000     1.690200
   -8.486000     1.684250
   -8.476000     1.679290
   -8.466000     1.675010
   -8.456000     1.670150
   -8.446000     1.663980
   -8.436000     1.658590
   -8.426000     1.651600
   -8.416000     1.646310
   -8.406000     1.637830
   -8.396000     1.632630
   -8.386000     1.625100
   -8.376000     1.618810
   -8.366000     1.610490
   -8.356000     1.601070
   -8.346000     1.594840
   -8.336000     1.585320
   -8.326000     1.577090
   -8.316000     1.569650
   -8.306000     1.560110
   -8.296000     1.550790
   -8.286000     1.540410
   -8.276000     1.532190
   -8.266000     1.522800
   -8.256000     1.513770
   -8.246000     1.504490
   -8.236000     1.494320
   -8.226000     1.484150
   -8.216000     1.473080
   -8.206000     1.463110
   -8.196000     1.453160
   -8.186000     1.443200
   -8.176000     1.433460
   -8.166000     1.421610
   -8.156000     1.412980
   -8.146000     1.403140
   -8.136000     1.391530
   -8.126000     1.381120
   -8.116000     1.371530
   -8.106000     1.360330
   -8.096000     1.351260
   -8.086000     1.341100
   -8.076000     1.332450
   -8.066000     1.323810
   -8.056000     1.314300
   -8.046000     1.304100
   -8.036000     1.295910
   -8.026000     1.286040
   -8.016000     1.279420
   -8.006000     1.269910
   -7.996000     1.263510
   -7.986000     1.253430
   -7.976000     1.248900
   -7.966000     1.241800
   -7.956000     1.235500
   -7.946000     1.229300
   -7.936000     1.224100
   -7.926000     1.218600
   -7.916000     1.214100
   -7.906000     1.210000
   -7.896000     1.206600
   -7.886000     1.203300
   -7.876000     1.200300
   -7.866000     1.199100
   -7.856000     1.198000
   -7.846000     1.197700
   -7.836000     1.196600
   -7.826000     1.196000
   -7.816000     1.196900
   -7.806000     1.198300
   -7.796000     1.200000
   -7.786000     1.202400
   -7.776000     1.205300
   -7.766000     1.209500
   -7.756000     1.213100
   -7.746000     1.218600
   -7.736000     1.224500
   -7.726000     1.230000
   -7.716000     1.236600
   -7.706000     1.244000
   -7.696000     1.251500
   -7.686000     1.260000
   -7.676000     1.268300
   -7.666000     1.277600
   -7.656000     1.288300
   -7.646000     1.298300
   -7.636000     1.309800
   -7.626000     1.321800
   -7.616000     1.332700
   -7.606000     1.344800
   -7.596000     1.358700
   -7.586000     1.370300
   -7.576000     1.383800
   -7.566000     1.398200
   -7.556000     1.412000
   -7.546000     1.426200
   -7.536000     1.441900
   -7.526000     1.455000
   -7.516000     1.470700
   -7.506000     1.485400
   -7.496000     1.499900
   -7.486000     1.516700
   -7.476000     1.531500
   -7.466000     1.546100
   -7.456000     1.561900
   -7.446000     1.578700
   -7.436000     1.593200
   -7.426000     1.607800
   -7.416000     1.622300
   -7.406000     1.636900
   -7.396000     1.651300
   -7.386000     1.664300
   -7.376000     1.678300
   -7.366000     1.692400
   -7.356000     1.705300
   -7.346000     1.718000
   -7.336000     1.730500
   -7.326000     1.740900
   -7.316000     1.754100
   -7.306000     1.763100
   -7.296000     1.771900
   -7.286000     1.783400
   -7.276000     1.792600
   -7.266000     1.798600
   -7.256000     1.805600
   -7.246000     1.812000
   -7.236000     1.819100
   -7.226000     1.821200
   -7.216000     1.827900
   -7.206000     1.831400
   -7.196000     1.832300
   -7.186000     1.834000
   -7.176000     1.835300
   -7.166000     1.834000
   -7.156000     1.833500
   -7.146000     1.829700
   -7.136000     1.828400
   -7.126000     1.822800
   -7.116000     1.817000
   -7.106000     1.812700
   -7.096000     1.804100
   -7.086000     1.797300
   -7.076000     1.789200
   -7.066000     1.777600
   -7.056000     1.767800
   -7.046000     1.754400
   -7.036000     1.742800
   -7.026000     1.729400
   -7.016000     1.713700
   -7.006000     1.697400
   -6.996000     1.681200
   -6.986000     1.664100
   -6.976000     1.646000
   -6.966000     1.626600
   -6.956000     1.607800
   -6.946000     1.586400
   -6.936000     1.562700
   -6.926000     1.541300
   -6.916000     1.518900
   -6.906000     1.495100
   -6.896000     1.469900
   -6.886000     1.445700
   -6.876000     1.420000
   -6.866000     1.393800
   -6.856000     1.368300
   -6.846000     1.339100
   -6.836000     1.312800
   -6.826000     1.283900
   -6.816000     1.256200
   -6.806000     1.227300
   -6.796000     1.197900
   -6.786000     1.169000
   -6.776000     1.139500
   -6.766000     1.110210
   -6.756000     1.080610
   -6.746000     1.051030
   -6.736000     1.021270
   -6.726000     0.991830
   -6.716000     0.962510
   -6.706000     0.933020
   -6.696000     0.903350
   -6.686000     0.874530
   -6.676000     0.845700
   -6.666000     0.817000
   -6.656000     0.788980
   -6.646000     0.761220
   -6.636000     0.733960
   -6.626000     0.707560
   -6.616000     0.681224
   -6.606000     0.655522
   -6.596000     0.630230
   -6.586000     0.606120
   -6.576000     0.582455
   -6.566000     0.559258
   -6.556000     0.537252
   -6.546000     0.515905
   -6.536000     0.495360
   -6.526000     0.475900
   -6.516000     0.457160
   -6.506000     0.439510
   -6.496000     0.422870
   -6.486000     0.407370
   -6.476000     0.392710
   -6.466000     0.379430
   -6.456000     0.366820
   -6.446000     0.355590
   -6.436000     0.345340
   -6.426000     0.336290
   -6.416000     0.328650
   -6.406000     0.322370
   -6.396000     0.316970
   -6.386000     0.312810
   -6.376000     0.310160
   -6.366000     0.308650
   -6.356000     0.308580
   -6.346000     0.309470
   -6.336000     0.311900
   -6.326000     0.315530
   -6.316000     0.320690
   -6.306000     0.327100
   -6.296000     0.334661
   -6.286000     0.343527
   -6.276000     0.353631
   -6.266000     0.365280
   -6.256000     0.378140
   -6.246000     0.392190
   -6.236000     0.407730
   -6.226000     0.423940
   -6.216000     0.441830
   -6.206000     0.460780
   -6.196000     0.481200
   -6.186000     0.502700
   -6.176000     0.525200
   -6.166000     0.548800
   -6.156000     0.573300
   -6.146000     0.599300
   -6.136000     0.626000
   -6.126000     0.654000
   -6.116000     0.683000
   -6.106000     0.712600
   -6.096000     0.743400
   -6.086000     0.775000
   -6.076000     0.807200
   -6.066000     0.840400
   -6.056000     0.874100
   -6.046000     0.908900
   -6.036000     0.944200
   -6.026000     0.980100
   -6.016000     1.016500
   -6.006000     1.053700
   -5.996000     1.091300
   -5.986000     1.129600
   -5.976000     1.167500
   -5.966000     1.206100
   -5.956000     1.244700
   -5.946000     1.284300
   -5.936000     1.323900
   -5.926000     1.363100
   -5.916000     1.403300
   -5.906000     1.443200
   -5.896000     1.482300
   -5.886000     1.521300
   -5.876000     1.560700
   -5.866000     1.601400
   -5.856000     1.638600
   -5.846000     1.680600
   -5.836000     1.719000
   -5.826000     1.756100
   -5.816000     1.794500
   -5.806000     1.832600
   -5.796000     1.869800
   -5.786000     1.906900
   -5.776000     1.943500
   -5.766000     1.979200
   -5.756000     2.015500
   -5.746000     2.050000
   -5.736000     2.082000
   -5.726000     2.116900
   -5.716000     2.149700
   -5.706000     2.182200
   -5.696000     2.213800
   -5.686000     2.242900
   -5.676000     2.272900
   -5.666000     2.301700
   -5.656000     2.330500
   -5.646000     2.359100
   -5.636000     2.385600
   -5.626000     2.411600
   -5.616000     2.437800
   -5.606000     2.463800
   -5.596000     2.485400
   -5.586000     2.510200
   -5.576000     2.533800
   -5.566000     2.556100
   -5.556000     2.575400
   -5.546000     2.596600
   -5.536000     2.617500
   -5.526000     2.635600
   -5.516000     2.658400
   -5.506000     2.676300
   -5.496000     2.696900
   -5.486000     2.715600
   -5.476000     2.731400
   -5.466000     2.749900
   -5.456000     2.768200
   -5.446000     2.787000
   -5.436000     2.805400
   -5.426000     2.824900
   -5.416000     2.843300
   -5.406000     2.861700
   -5.396000     2.882000
   -5.386000     2.900700
   -5.376000     2.923100
   -5.366000     2.944800
   -5.356000     2.965400
   -5.346000     2.992000
   -5.336000     3.016800
   -5.326000     3.042800
   -5.316000     3.068600
   -5.306000     3.096800
   -5.296000     3.126600
   -5.286000     3.161800
   -5.276000     3.195100
   -5.266000     3.233800
   -5.256000     3.269200
   -5.246000     3.312000
   -5.236000     3.353900
   -5.226000     3.402800
   -5.216000     3.448800
   -5.206000     3.500100
   -5.196000     3.556800
   -5.186000     3.616500
   -5.176000     3.676200
   -5.166000     3.742100
   -5.156000     3.812100
   -5.146000     3.886600
   -5.136000     3.964200
   -5.126000     4.044800
   -5.116000     4.133800
   -5.106000     4.222900
   -5.096000     4.318200
   -5.086000     4.420100
   -5.076000     4.525500
   -5.066000     4.636300
   -5.056000     4.752000
   -5.046000     4.874200
   -5.036000     5.002600
   -5.026000     5.138000
   -5.016000     5.276300
   -5.006000     5.426000
   -4.996000     5.575600
   -4.986000     5.736600
   -4.976000     5.902900
   -4.966000     6.056900
   -4.956000     6.240100
   -4.946000     6.443700
   -4.936000     6.607600
   -4.926000     6.803000
   -4.916000     7.028400
   -4.906000     7.234400
   -4.896000     7.459800
   -4.886000     7.676600
   -4.876000     7.913500
   -4.866000     8.151000
   -4.856000     8.398600
   -4.846000     8.676700
   -4.836000     8.925100
   -4.826000     9.195100
   -4.816000     9.475500
   -4.806000     9.765100
   -4.796000    10.047100
   -4.786000    10.337300
   -4.776000    10.649400
   -4.766000    10.971400
   -4.756000    11.284000
   -4.746000    11.607700
   -4.736000    11.941100
   -4.726000    12.285000
   -4.716000    12.620000
   -4.706000    12.984500
   -4.696000    13.329700
   -4.686000    13.695500
   -4.676000    14.071500
   -4.666000    14.437800
   -4.656000    14.814800
   -4.646000    15.211700
   -4.636000    15.589400
   -4.626000    15.987300
   -4.616000    16.365400
   -4.606000    16.774000
   -4.596000    17.192200
   -4.586000    17.600800
   -4.576000    18.000000
   -4.566000    18.408600
   -4.556000    18.818300
   -4.546000    19.239500
   -4.536000    19.657800
   -4.526000    20.069300
   -4.516000    20.489100
   -4.506000    20.910100
   -4.496000    21.320300
   -4.486000    21.750800
   -4.476000    22.162300
   -4.466000    22.574300
   -4.456000    22.985300
   -4.446000    23.395600
   -4.436000    23.796200
   -4.426000    24.199000
   -4.416000    24.608100
   -4.406000    24.992300
   -4.396000    25.391800
   -4.386000    25.774100
   -4.376000    26.155100
   -4.366000    26.536100
   -4.356000    26.898300
   -4.346000    27.257700
   -4.336000    27.619500
   -4.326000    27.961200
   -4.316000    28.301200
   -4.306000    28.633500
   -4.296000    28.955800
   -4.286000    29.265400
   -4.276000    29.546100
   -4.266000    29.846000
   -4.256000    30.137100
   -4.246000    30.409300
   -4.236000    30.667600
   -4.226000    30.908500
   -4.216000    31.147100
   -4.206000    31.367100
   -4.196000    31.577200
   -4.186000    31.768200
   -4.176000    31.967100
   -4.166000    32.135000
   -4.156000    32.307000
   -4.146000    32.437000
   -4.136000    32.563900
   -4.126000    32.692600
   -4.116000    32.791700
   -4.106000    32.877500
   -4.096000    32.958500
   -4.086000    33.013600
   -4.076000    33.052800
   -4.066000    33.091500
   -4.056000    33.098900
   -4.046000    33.106500
   -4.036000    33.092800
   -4.026000    33.070900
   -4.016000    33.027800
   -4.006000    32.964700
   -3.996000    32.890400
   -3.986000    32.807900
   -3.976000    32.724400
   -3.966000    32.610100
   -3.956000    32.475400
   -3.946000    32.329600
   -3.936000    32.175800
   -3.926000    32.011000
   -3.916000    31.826800
   -3.906000    31.642900
   -3.896000    31.417900
   -3.886000    31.222600
   -3.876000    30.988600
   -3.866000    30.742400
   -3.856000    30.477200
   -3.846000    30.221900
   -3.836000    29.946600
   -3.826000    29.670300
   -3.816000    29.374000
   -3.806000    29.066800
   -3.796000    28.741400
   -3.786000    28.425100
   -3.776000    28.099000
   -3.766000    27.763800
   -3.756000    27.405500
   -3.746000    27.058200
   -3.736000    26.692200
   -3.726000    26.325100
   -3.716000    25.958100
   -3.706000    25.572200
   -3.696000    25.204300
   -3.686000    24.796400
   -3.676000    24.399500
   -3.666000    24.022100
   -3.656000    23.614200
   -3.646000    23.216700
   -3.636000    22.810500
   -3.626000    22.413000
   -3.616000    21.993800
   -3.606000    21.586500
   -3.596000    21.178600
   -3.586000    20.761600
   -3.576000    20.353800
   -3.566000    19.947100
   -3.556000    19.547400
   -3.546000    19.119900
   -3.536000    18.712600
   -3.526000    18.314300
   -3.516000    17.908300
   -3.506000    17.520300
   -3.496000    17.121300
   -3.486000    16.714500
   -3.476000    16.337000
   -3.466000    15.949600
   -3.456000    15.562200
   -3.446000    15.194000
   -3.436000    14.810100
   -3.426000    14.430100
   -3.416000    14.084300
   -3.406000    13.715600
   -3.396000    13.370200
   -3.386000    13.034800
   -3.376000    12.676500
   -3.366000    12.351500
   -3.356000    12.024700
   -3.346000    11.699900
   -3.336000    11.383300
   -3.326000    11.067800
   -3.316000    10.771300
   -3.306000    10.466200
   -3.296000    10.192000
   -3.286000     9.906200
   -3.276000     9.631300
   -3.266000     9.367700
   -3.256000     9.092000
   -3.246000     8.858600
   -3.236000     8.612300
   -3.226000     8.360100
   -3.216000     8.136000
   -3.206000     7.913100
   -3.196000     7.678400
   -3.186000     7.485600
   -3.176000     7.273000
   -3.166000     7.060600
   -3.156000     6.886100
   -3.146000     6.710900
   -3.136000     6.528800
   -3.126000     6.368800
   -3.116000     6.189700
   -3.106000     6.040000
   -3.096000     5.889200
   -3.086000     5.746500
   -3.076000     5.610000
   -3.066000     5.479500
   -3.056000     5.352000
   -3.046000     5.234000
   -3.036000     5.121600
   -3.026000     5.012500
   -3.016000     4.911200
   -3.006000     4.813300
   -2.996000     4.721300
   -2.986000     4.634500
   -2.976000     4.551400
   -2.966000     4.474700
   -2.956000     4.400100
   -2.946000     4.334500
   -2.936000     4.270700
   -2.926000     4.209200
   -2.916000     4.152600
   -2.906000     4.100100
   -2.896000     4.053700
   -2.886000     4.008300
   -2.876000     3.966800
   -2.866000     3.927400
   -2.856000     3.894100
   -2.846000     3.862000
   -2.836000     3.832600
   -2.826000     3.805300
   -2.816000     3.784200
   -2.806000     3.760900
   -2.796000     3.742800
   -2.786000     3.725600
   -2.776000     3.709500
   -2.766000     3.697400
   -2.756000     3.685600
   -2.746000     3.676800
   -2.736000     3.670900
   -2.726000     3.662200
   -2.716000     3.659400
   -2.706000     3.656300
   -2.696000     3.653500
   -2.686000     3.653600
   -2.676000     3.652400
   -2.666000     3.654400
   -2.656000     3.655400
   -2.646000     3.656100
   -2.636000     3.662600
   -2.626000     3.667000
   -2.616000     3.670600
   -2.606000     3.678200
   -2.596000     3.682700
   -2.586000     3.689000
   -2.576000     3.699400
   -2.566000     3.703600
   -2.556000     3.711800
   -2.546000     3.717700
   -2.536000     3.725300
   -2.526000     3.736000
   -2.516000     3.742400
   -2.506000     3.749700
   -2.496000     3.758100
   -2.486000     3.766300
   -2.476000     3.775300
   -2.466000     3.785400
   -2.456000     3.789400
   -2.446000     3.799200
   -2.436000     3.808900
   -2.426000     3.815700
   -2.416000     3.822200
   -2.406000     3.829500
   -2.396000     3.838500
   -2.386000     3.845500
   -2.376000     3.851400
   -2.366000     3.858100
   -2.356000     3.864700
   -2.346000     3.869500
   -2.336000     3.876900
   -2.326000     3.882400
   -2.316000     3.885700
   -2.306000     3.891100
   -2.296000     3.895400
   -2.286000     3.902600
   -2.276000     3.905700
   -2.266000     3.909800
   -2.256000     3.911800
   -2.246000     3.914800
   -2.236000     3.917900
   -2.226000     3.917800
   -2.216000     3.918700
   -2.206000     3.921600
   -2.196000     3.921400
   -2.186000     3.923400
   -2.176000     3.922100
   -2.166000     3.920100
   -2.156000     3.919800
   -2.146000     3.918500
   -2.136000     3.916400
   -2.126000     3.914100
   -2.116000     3.910000
   -2.106000     3.905800
   -2.096000     3.900600
   -2.086000     3.895300
   -2.076000     3.892100
   -2.066000     3.885100
   -2.056000     3.878900
   -2.046000     3.870800
   -2.036000     3.863600
   -2.026000     3.854500
   -2.016000     3.844500
   -2.006000     3.836400
   -1.996000     3.826500
   -1.986000     3.817500
   -1.976000     3.805500
   -1.966000     3.795600
   -1.956000     3.783700
   -1.946000     3.768700
   -1.936000     3.754900
   -1.926000     3.742000
   -1.916000     3.726300
   -1.906000     3.713600
   -1.896000     3.697000
   -1.886000     3.681200
   -1.876000     3.667700
   -1.866000     3.651100
   -1.856000     3.632500
   -1.846000     3.617200
   -1.836000     3.598700
   -1.826000     3.582300
   -1.816000     3.562000
   -1.806000     3.545700
   -1.796000     3.526600
   -1.786000     3.508300
   -1.776000     3.489200
   -1.766000     3.468100
   -1.756000     3.451100
   -1.746000     3.429000
   -1.736000     3.411100
   -1.726000     3.388200
   -1.716000     3.369400
   -1.706000     3.349700
   -1.696000     3.330000
   -1.686000     3.309300
   -1.676000     3.289600
   -1.666000     3.270100
   -1.656000     3.248500
   -1.646000     3.228100
   -1.636000     3.210800
   -1.626000     3.190500
   -1.616000     3.172100
   -1.606000     3.153100
   -1.596000     3.134000
   -1.586000     3.115600
   -1.576000     3.098300
   -1.566000     3.081100
   -1.556000     3.063100
   -1.546000     3.045100
   -1.536000     3.030100
   -1.526000     3.014300
   -1.516000     2.997800
   -1.506000     2.980300
   -1.496000     2.966900
   -1.486000     2.953600
   -1.476000     2.938800
   -1.466000     2.922700
   -1.456000     2.910900
   -1.446000     2.900300
   -1.436000     2.886500
   -1.426000     2.874700
   -1.416000     2.864200
   -1.406000     2.855000
   -1.396000     2.845000
   -1.386000     2.835100
   -1.376000     2.825300
   -1.366000     2.814900
   -1.356000     2.807700
   -1.346000     2.799700
   -1.336000     2.792900
   -1.326000     2.784200
   -1.316000     2.777700
   -1.306000     2.774000
   -1.296000     2.767300
   -1.286000     2.760700
   -1.276000     2.757800
   -1.266000     2.751200
   -1.256000     2.747600
   -1.246000     2.743400
   -1.236000     2.738200
   -1.226000     2.736400
   -1.216000     2.731800
   -1.206000     2.728300
   -1.196000     2.725000
   -1.186000     2.721700
   -1.176000     2.718000
   -1.166000     2.716100
   -1.156000     2.714400
   -1.146000     2.710100
   -1.136000     2.706000
   -1.126000     2.704700
   -1.116000     2.702800
   -1.106000     2.698700
   -1.096000     2.694800
   -1.086000     2.692100
   -1.076000     2.686600
   -1.066000     2.682800
   -1.056000     2.680300
   -1.046000     2.674900
   -1.036000     2.670600
   -1.026000     2.664300
   -1.016000     2.660000
   -1.006000     2.652600
   -0.996000     2.646400
   -0.986000     2.640100
   -0.976000     2.632900
   -0.966000     2.625600
   -0.956000     2.617400
   -0.946000     2.608000
   -0.936000     2.598600
   -0.926000     2.588500
   -0.916000     2.579200
   -0.906000     2.568000
   -0.896000     2.555700
   -0.886000     2.545300
   -0.876000     2.532100
   -0.866000     2.517700
   -0.856000     2.506100
   -0.846000     2.489800
   -0.836000     2.475600
   -0.826000     2.460100
   -0.816000     2.444500
   -0.806000     2.428100
   -0.796000     2.412700
   -0.786000     2.394200
   -0.776000     2.374800
   -0.766000     2.356100
   -0.756000     2.337700
   -0.746000     2.319200
   -0.736000     2.298600
   -0.726000     2.277900
   -0.716000     2.258600
   -0.706000     2.237200
   -0.696000     2.214800
   -0.686000     2.193400
   -0.676000     2.172100
   -0.666000     2.148100
   -0.656000     2.127700
   -0.646000     2.104400
   -0.636000     2.082600
   -0.626000     2.058400
   -0.616000     2.035700
   -0.606000     2.015100
   -0.596000     1.990300
   -0.586000     1.969000
   -0.576000     1.944500
   -0.566000     1.923200
   -0.556000     1.900200
   -0.546000     1.877600
   -0.536000     1.855800
   -0.526000     1.833200
   -0.516000     1.810800
   -0.506000     1.789800
   -0.496000     1.769900
   -0.486000     1.748300
   -0.476000     1.727800
   -0.466000     1.709500
   -0.456000     1.689500
   -0.446000     1.671000
   -0.436000     1.655600
   -0.426000     1.637400
   -0.416000     1.620600
   -0.406000     1.603000
   -0.396000     1.587700
   -0.386000     1.573400
   -0.376000     1.560800
   -0.366000     1.549400
   -0.356000     1.537100
   -0.346000     1.524400
   -0.336000     1.514800
   -0.326000     1.505600
   -0.316000     1.495700
   -0.306000     1.488000
   -0.296000     1.481500
   -0.286000     1.475600
   -0.276000     1.470800
   -0.266000     1.466400
   -0.256000     1.461100
   -0.246000     1.459100
   -0.236000     1.459300
   -0.226000     1.459900
   -0.216000     1.459400
   -0.206000     1.459700
   -0.196000     1.462100
   -0.186000     1.465400
   -0.176000     1.468800
   -0.166000     1.473800
   -0.156000     1.478900
   -0.146000     1.485900
   -0.136000     1.492400
   -0.126000     1.500300
   -0.116000     1.508600
   -0.106000     1.517500
   -0.096000     1.527400
   -0.086000     1.539000
   -0.076000     1.549500
   -0.066000     1.562500
   -0.056000     1.574700
   -0.046000     1.587700
   -0.036000     1.600500
   -0.026000     1.615600
   -0.016000     1.630000
   -0.006000     1.642600
    0.004000     1.658100
    0.014000     1.673800
    0.024000     1.689800
    0.034000     1.705900
    0.044000     1.724000
    0.054000     1.739100
    0.064000     1.753300
    0.074000     1.770500
    0.084000     1.787700
    0.094000     1.803100
    0.104000     1.820400
    0.114000     1.837600
    0.124000     1.852600
    0.134000     1.870000
    0.144000     1.884100
    0.154000     1.902900
    0.164000     1.916500
    0.174000     1.931200
    0.184000     1.946300
    0.194000     1.960300
    0.204000     1.975400
    0.214000     1.989400
    0.224000     2.003300
    0.234000     2.015900
    0.244000     2.028600
    0.254000     2.043100
    0.264000     2.054600
    0.274000     2.062000
    0.284000     2.075200
    0.294000     2.085500
    0.304000     2.094500
    0.314000     2.105500
    0.324000     2.113400
    0.334000     2.122000
    0.344000     2.130700
    0.354000     2.137200
    0.364000     2.143700
    0.374000     2.148100
    0.384000     2.155400
    0.394000     2.159500
    0.404000     2.165800
    0.414000     2.169800
    0.424000     2.172800
    0.434000     2.176400
    0.444000     2.177000
    0.454000     2.181600
    0.464000     2.181100
    0.474000     2.183300
    0.484000     2.183600
    0.494000     2.183800
    0.504000     2.185800
    0.514000     2.185100
    0.524000     2.184200
    0.534000     2.184200
    0.544000     2.184400
    0.554000     2.182400
    0.564000     2.179400
    0.574000     2.179500
    0.584000     2.178200
    0.594000     2.176100
    0.604000     2.175300
    0.614000     2.172800
    0.624000     2.171200
    0.634000     2.167800
    0.644000     2.166500
    0.654000     2.165900
    0.664000     2.163600
    0.674000     2.160500
    0.684000     2.159200
    0.694000     2.158300
    0.704000     2.156700
    0.714000     2.156000
    0.724000     2.154000
    0.734000     2.152800
    0.744000     2.153200
    0.754000     2.153500
    0.764000     2.154500
    0.774000     2.155400
    0.784000     2.155900
    0.794000     2.157100
    0.804000     2.160400
    0.814000     2.163300
    0.824000     2.165500
    0.834000     2.167700
    0.844000     2.171800
    0.854000     2.174000
    0.864000     2.179400
    0.874000     2.181400
    0.884000     2.189700
    0.894000     2.196200
    0.904000     2.200700
    0.914000     2.206600
    0.924000     2.215600
    0.934000     2.223700
    0.944000     2.231100
    0.954000     2.238500
    0.964000     2.250100
    0.974000     2.256800
    0.984000     2.266900
    0.994000     2.279900
    1.004000     2.290100
    1.014000     2.300300
    1.024000     2.312600
    1.034000     2.325800
    1.044000     2.338300
    1.054000     2.349400
    1.064000     2.362800
    1.074000     2.377200
    1.084000     2.390600
    1.094000     2.404000
    1.104000     2.417300
    1.114000     2.434700
    1.124000     2.450000
    1.134000     2.462400
    1.144000     2.478500
    1.154000     2.490800
    1.164000     2.509900
    1.174000     2.526000
    1.184000     2.540000
    1.194000     2.555900
    1.204000     2.571600
    1.214000     2.587400
    1.224000     2.602100
    1.234000     2.617500
    1.244000     2.632900
    1.254000     2.649300
    1.264000     2.663400
    1.274000     2.680400
    1.284000     2.693400
    1.294000     2.708100
    1.304000     2.723600
    1.314000     2.738100
    1.324000     2.747500
    1.334000     2.761500
    1.344000     2.774600
    1.354000     2.786400
    1.364000     2.798200
    1.374000     2.812600
    1.384000     2.822900
    1.394000     2.832000
    1.404000     2.843200
    1.414000     2.852100
    1.424000     2.860700
    1.434000     2.871200
    1.444000     2.877700
    1.454000     2.885900
    1.464000     2.890200
    1.474000     2.895000
    1.484000     2.899800
    1.494000     2.907500
    1.504000     2.910200
    1.514000     2.912500
    1.524000     2.913600
    1.534000     2.916700
    1.544000     2.915700
    1.554000     2.915700
    1.564000     2.915200
    1.574000     2.914100
    1.584000     2.911700
    1.594000     2.909100
    1.604000     2.904500
    1.614000     2.901600
    1.624000     2.894900
    1.634000     2.888100
    1.644000     2.882100
    1.654000     2.873300
    1.664000     2.866100
    1.674000     2.855000
    1.684000     2.847900
    1.694000     2.836900
    1.704000     2.826700
    1.714000     2.815400
    1.724000     2.803500
    1.734000     2.790100
    1.744000     2.776900
    1.754000     2.762800
    1.764000     2.749800
    1.774000     2.731700
    1.784000     2.716600
    1.794000     2.703800
    1.804000     2.686900
    1.814000     2.670900
    1.824000     2.651200
    1.834000     2.636400
    1.844000     2.618800
    1.854000     2.600200
    1.864000     2.582000
    1.874000     2.564500
    1.884000     2.545300
    1.894000     2.527200
    1.904000     2.511000
    1.914000     2.491400
    1.924000     2.474700
    1.934000     2.456200
    1.944000     2.438800
    1.954000     2.420600
    1.964000     2.403400
    1.974000     2.384400
    1.984000     2.368900
    1.994000     2.354100
    2.004000     2.336900
    2.014000     2.321600
    2.024000     2.306700
    2.034000     2.291800
    2.044000     2.278300
    2.054000     2.264900
    2.064000     2.253600
    2.074000     2.241800
    2.084000     2.230900
    2.094000     2.220100
    2.104000     2.212000
    2.114000     2.203000
    2.124000     2.194900
    2.134000     2.188300
    2.144000     2.182800
    2.154000     2.177500
    2.164000     2.172500
    2.174000     2.171600
    2.184000     2.171200
    2.194000     2.168900
    2.204000     2.170700
    2.214000     2.170500
    2.224000     2.174900
    2.234000     2.179600
    2.244000     2.180100
    2.254000     2.190000
    2.264000     2.196300
    2.274000     2.204500
    2.284000     2.215100
    2.294000     2.226800
    2.304000     2.236600
    2.314000     2.247700
    2.324000     2.262900
    2.334000     2.277500
    2.344000     2.295100
    2.354000     2.311000
    2.364000     2.328800
    2.374000     2.347000
    2.384000     2.369100
    2.394000     2.388600
    2.404000     2.410900
    2.414000     2.435600
    2.424000     2.457300
    2.434000     2.482200
    2.444000     2.505000
    2.454000     2.530200
    2.464000     2.557200
    2.474000     2.585400
    2.484000     2.610500
    2.494000     2.638000
    2.504000     2.667200
    2.514000     2.691500
    2.524000     2.721800
    2.534000     2.751200
    2.544000     2.778600
    2.554000     2.807000
    2.564000     2.838200
    2.574000     2.864600
    2.584000     2.892800
    2.594000     2.922100
    2.604000     2.950400
    2.614000     2.977500
    2.624000     3.004600
    2.634000     3.030500
    2.644000     3.056300
    2.654000     3.083000
    2.664000     3.107700
    2.674000     3.131100
    2.684000     3.154400
    2.694000     3.178600
    2.704000     3.195900
    2.714000     3.219700
    2.724000     3.238400
    2.734000     3.255100
    2.744000     3.273400
    2.754000     3.288500
    2.764000     3.302700
    2.774000     3.316300
    2.784000     3.329000
    2.794000     3.339400
    2.804000     3.347500
    2.814000     3.357400
    2.824000     3.361100
    2.834000     3.365600
    2.844000     3.369700
    2.854000     3.372200
    2.864000     3.368600
    2.874000     3.366800
    2.884000     3.364800
    2.894000     3.357600
    2.904000     3.354100
    2.914000     3.342600
    2.924000     3.333000
    2.934000     3.318900
    2.944000     3.306800
    2.954000     3.291400
    2.964000     3.274800
    2.974000     3.253100
    2.984000     3.232000
    2.994000     3.210900
    3.004000     3.186300
    3.014000     3.160300
    3.024000     3.133000
    3.034000     3.104600
    3.044000     3.073700
    3.054000     3.041000
    3.064000     3.009700
    3.074000     2.974400
    3.084000     2.938700
    3.094000     2.901100
    3.104000     2.861100
    3.114000     2.822900
    3.124000     2.781600
    3.134000     2.737000
    3.144000     2.694400
    3.154000     2.650600
    3.164000     2.605600
    3.174000     2.559500
    3.184000     2.512400
    3.194000     2.465100
    3.204000     2.417300
    3.214000     2.366900
    3.224000     2.317100
    3.234000     2.266400
    3.244000     2.215500
    3.254000     2.162600
    3.264000     2.111600
    3.274000     2.058400
    3.284000     2.006400
    3.294000     1.953400
    3.304000     1.898800
    3.314000     1.849200
    3.324000     1.794500
    3.334000     1.743900
    3.344000     1.690600
    3.354000     1.638200
    3.364000     1.583800
    3.374000     1.531500
    3.384000     1.481300
    3.394000     1.428100
    3.404000     1.377600
    3.414000     1.328100
    3.424000     1.277600
    3.434000     1.228630
    3.444000     1.179580
    3.454000     1.132080
    3.464000     1.083490
    3.474000     1.036900
    3.484000     0.991130
    3.494000     0.945780
    3.504000     0.901290
    3.514000     0.857600
    3.524000     0.814650
    3.534000     0.772690
    3.544000     0.732010
    3.554000     0.691790
    3.564000     0.652620
    3.574000     0.614720
    3.584000     0.577280
    3.594000     0.541190
    3.604000     0.505970
    3.614000     0.471990
    3.624000     0.438800
    3.634000     0.406650
    3.644000     0.375560
    3.654000     0.345420
    3.664000     0.316520
    3.674000     0.288310
    3.684000     0.261405
    3.694000     0.235449
    3.704000     0.210253
    3.714000     0.186398
    3.724000     0.163543
    3.734000     0.141558
    3.744000     0.120338
    3.754000     0.100281
    3.764000     0.081218
    3.774000     0.062970
    3.784000     0.045645
    3.794000     0.029235
    3.804000     0.013713
    3.814000    -0.000934
    3.824000    -0.014793
    3.834000    -0.027827
    3.844000    -0.039986
    3.854000    -0.051435
    3.864000    -0.062133
    3.874000    -0.072109
    3.884000    -0.081353
    3.894000    -0.089827
    3.904000    -0.097719
    3.914000    -0.105021
    3.924000    -0.111613
    3.934000    -0.117611
    3.944000    -0.123033
    3.954000    -0.127759
    3.964000    -0.132290
    3.974000    -0.136070
    3.984000    -0.139390
    3.994000    -0.142210
    4.004000    -0.144660
    4.014000    -0.146550
    4.024000    -0.148190
    4.034000    -0.149330
    4.044000    -0.150310
    4.054000    -0.150710
    4.064000    -0.150960
    4.074000    -0.150890
    4.084000    -0.150570
    4.094000    -0.149810
    4.104000    -0.149030
    4.114000    -0.147740
    4.124000    -0.146460
    4.134000    -0.145110
    4.144000    -0.143320
    4.154000    -0.141420
    4.164000    -0.139280
    4.174000    -0.137200
    4.184000    -0.134840
    4.194000    -0.132390
    4.204000    -0.129970
    4.214000    -0.127240
    4.224000    -0.124650
    4.234000    -0.121880
    4.244000    -0.119077
    4.254000    -0.116168
    4.264000    -0.113219
    4.274000    -0.110489
    4.284000    -0.107529
    4.294000    -0.104589
    4.304000    -0.101649
    4.314000    -0.098698
    4.324000    -0.095789
    4.334000    -0.092859
    4.344000    -0.089946
    4.354000    -0.087066
    4.364000    -0.084223
    4.374000    -0.081416
    4.384000    -0.078631
    4.394000    -0.075906
    4.404000    -0.073192
    4.414000    -0.070562
    4.424000    -0.067942
    4.434000    -0.065410
    4.444000    -0.062913
    4.454000    -0.060486
    4.464000    -0.058086
    4.474000    -0.055757
    4.484000    -0.053513
    4.494000    -0.051301
    4.504000    -0.049154
    4.514000    -0.047090
    4.524000    -0.045048
    4.534000    -0.043102
    4.544000    -0.041209
    4.554000    -0.039369
    4.564000    -0.037558
    4.574000    -0.035852
    4.584000    -0.034182
    4.594000    -0.032570
    4.604000    -0.031033
    4.614000    -0.029542
    4.624000    -0.028108
    4.634000    -0.026732
    4.644000    -0.025414
    4.654000    -0.024140
    4.664000    -0.022914
    4.674000    -0.021726
    4.684000    -0.020605
    4.694000    -0.019550
    4.704000    -0.018524
    4.714000    -0.017526
    4.724000    -0.016574
    4.734000    -0.015676
    4.744000    -0.014839
    4.754000    -0.014011
    4.764000    -0.013231
    4.774000    -0.012488
    4.784000    -0.011778
    4.794000    -0.011108
    4.804000    -0.010469
    4.814000    -0.009854
    4.824000    -0.009278
    4.834000    -0.008730
    4.844000    -0.008212
    4.854000    -0.007716
    4.864000    -0.007248
    4.874000    -0.006807
    4.884000    -0.006389
    4.894000    -0.005995
    4.904000    -0.005621
    4.914000    -0.005268
    4.924000    -0.004935
    4.934000    -0.004618
    4.944000    -0.004323
    4.954000    -0.004045
    4.964000    -0.003779
    4.974000    -0.003533
    4.984000    -0.003300
    4.994000    -0.003077
    5.004000    -0.002872
    5.014000    -0.002679
    5.024000    -0.002498
    5.034000    -0.002328
    5.044000    -0.002166
    5.054000    -0.002018
    5.064000    -0.001877
    5.074000    -0.001745
    5.084000    -0.001621
    5.094000    -0.001507
    5.104000    -0.001398
    5.114000    -0.001299
    5.124000    -0.001204
    5.134000    -0.001117
    5.144000    -0.001036
    5.154000    -0.000959
    5.164000    -0.000888
    5.174000    -0.000822
    5.184000    -0.000761
    5.194000    -0.000703
    5.204000    -0.000650
    5.214000    -0.000601
    5.224000    -0.000554
    5.234000    -0.000512
    5.244000    -0.000472
    5.254000    -0.000435
    5.264000    -0.000401
    5.274000    -0.000370
    5.284000    -0.000340
    5.294000    -0.000313
