# Energy    Summed_PDOS
  -27.116000    -0.001479
  -27.106000    -0.001596
  -27.096000    -0.001722
  -27.086000    -0.001856
  -27.076000    -0.001999
  -27.066000    -0.002153
  -27.056000    -0.002318
  -27.046000    -0.002493
  -27.036000    -0.002682
  -27.026000    -0.002882
  -27.016000    -0.003096
  -27.006000    -0.003324
  -26.996000    -0.003566
  -26.986000    -0.003824
  -26.976000    -0.004103
  -26.966000    -0.004392
  -26.956000    -0.004698
  -26.946000    -0.005026
  -26.936000    -0.005383
  -26.926000    -0.005753
  -26.916000    -0.006145
  -26.906000    -0.006565
  -26.896000    -0.007015
  -26.886000    -0.007474
  -26.876000    -0.007966
  -26.866000    -0.008495
  -26.856000    -0.009035
  -26.846000    -0.009627
  -26.836000    -0.010232
  -26.826000    -0.010877
  -26.816000    -0.011564
  -26.806000    -0.012276
  -26.796000    -0.013020
  -26.786000    -0.013809
  -26.776000    -0.014641
  -26.766000    -0.015519
  -26.756000    -0.016420
  -26.746000    -0.017381
  -26.736000    -0.018382
  -26.726000    -0.019436
  -26.716000    -0.020519
  -26.706000    -0.021666
  -26.696000    -0.022859
  -26.686000    -0.024105
  -26.676000    -0.025390
  -26.666000    -0.026740
  -26.656000    -0.028148
  -26.646000    -0.029601
  -26.636000    -0.031114
  -26.626000    -0.032700
  -26.616000    -0.034306
  -26.606000    -0.035996
  -26.596000    -0.037737
  -26.586000    -0.039571
  -26.576000    -0.041406
  -26.566000    -0.043303
  -26.556000    -0.045336
  -26.546000    -0.047311
  -26.536000    -0.049387
  -26.526000    -0.051574
  -26.516000    -0.053820
  -26.506000    -0.055948
  -26.496000    -0.058317
  -26.486000    -0.060636
  -26.476000    -0.063145
  -26.466000    -0.065495
  -26.456000    -0.067996
  -26.446000    -0.070526
  -26.436000    -0.073059
  -26.426000    -0.075710
  -26.416000    -0.078361
  -26.406000    -0.080915
  -26.396000    -0.083598
  -26.386000    -0.086371
  -26.376000    -0.088954
  -26.366000    -0.091636
  -26.356000    -0.094400
  -26.346000    -0.097083
  -26.336000    -0.099645
  -26.326000    -0.102188
  -26.316000    -0.104739
  -26.306000    -0.107349
  -26.296000    -0.109729
  -26.286000    -0.112229
  -26.276000    -0.114458
  -26.266000    -0.116665
  -26.256000    -0.118831
  -26.246000    -0.120855
  -26.236000    -0.122747
  -26.226000    -0.124379
  -26.216000    -0.126038
  -26.206000    -0.127425
  -26.196000    -0.128591
  -26.186000    -0.129652
  -26.176000    -0.130323
  -26.166000    -0.130829
  -26.156000    -0.131122
  -26.146000    -0.131122
  -26.136000    -0.130828
  -26.126000    -0.130301
  -26.116000    -0.129360
  -26.106000    -0.128014
  -26.096000    -0.126404
  -26.086000    -0.124268
  -26.076000    -0.121959
  -26.066000    -0.119113
  -26.056000    -0.115703
  -26.046000    -0.111915
  -26.036000    -0.107542
  -26.026000    -0.102783
  -26.016000    -0.097438
  -26.006000    -0.091566
  -25.996000    -0.084984
  -25.986000    -0.077908
  -25.976000    -0.070193
  -25.966000    -0.061809
  -25.956000    -0.052819
  -25.946000    -0.043114
  -25.936000    -0.032659
  -25.926000    -0.021516
  -25.916000    -0.009633
  -25.906000     0.003002
  -25.896000     0.016414
  -25.886000     0.030607
  -25.876000     0.045660
  -25.866000     0.061436
  -25.856000     0.078090
  -25.846000     0.095686
  -25.836000     0.113970
  -25.826000     0.133167
  -25.816000     0.153294
  -25.806000     0.174312
  -25.796000     0.196190
  -25.786000     0.218800
  -25.776000     0.242581
  -25.766000     0.266962
  -25.756000     0.292586
  -25.746000     0.318708
  -25.736000     0.345968
  -25.726000     0.374252
  -25.716000     0.403072
  -25.706000     0.432716
  -25.696000     0.464097
  -25.686000     0.494382
  -25.676000     0.526884
  -25.666000     0.560689
  -25.656000     0.594910
  -25.646000     0.628731
  -25.636000     0.664667
  -25.626000     0.701514
  -25.616000     0.737864
  -25.606000     0.774525
  -25.596000     0.813377
  -25.586000     0.850560
  -25.576000     0.889746
  -25.566000     0.930231
  -25.556000     0.970827
  -25.546000     1.010625
  -25.536000     1.051423
  -25.526000     1.092522
  -25.516000     1.134642
  -25.506000     1.176952
  -25.496000     1.218072
  -25.486000     1.260485
  -25.476000     1.301895
  -25.466000     1.344316
  -25.456000     1.385538
  -25.446000     1.427848
  -25.436000     1.470068
  -25.426000     1.511378
  -25.416000     1.552488
  -25.406000     1.594296
  -25.396000     1.635694
  -25.386000     1.674681
  -25.376000     1.715268
  -25.366000     1.753641
  -25.356000     1.791025
  -25.346000     1.831186
  -25.336000     1.867047
  -25.326000     1.902685
  -25.316000     1.937321
  -25.306000     1.972547
  -25.296000     2.005546
  -25.286000     2.038448
  -25.276000     2.070035
  -25.266000     2.100199
  -25.256000     2.129362
  -25.246000     2.155591
  -25.236000     2.183829
  -25.226000     2.208631
  -25.216000     2.232223
  -25.206000     2.253980
  -25.196000     2.274156
  -25.186000     2.293089
  -25.176000     2.311699
  -25.166000     2.326997
  -25.156000     2.342281
  -25.146000     2.354133
  -25.136000     2.365784
  -25.126000     2.376290
  -25.116000     2.383382
  -25.106000     2.390550
  -25.096000     2.394016
  -25.086000     2.397458
  -25.076000     2.398669
  -25.066000     2.397568
  -25.056000     2.394216
  -25.046000     2.390581
  -25.036000     2.383704
  -25.026000     2.377511
  -25.016000     2.367197
  -25.006000     2.357467
  -24.996000     2.344605
  -24.986000     2.329441
  -24.976000     2.315032
  -24.966000     2.296415
  -24.956000     2.277583
  -24.946000     2.256537
  -24.936000     2.234972
  -24.926000     2.212481
  -24.916000     2.186668
  -24.906000     2.161452
  -24.896000     2.133222
  -24.886000     2.104571
  -24.876000     2.074306
  -24.866000     2.043718
  -24.856000     2.013030
  -24.846000     1.978117
  -24.836000     1.944703
  -24.826000     1.909267
  -24.816000     1.872518
  -24.806000     1.835560
  -24.796000     1.799508
  -24.786000     1.759427
  -24.776000     1.721961
  -24.766000     1.681376
  -24.756000     1.641668
  -24.746000     1.600871
  -24.736000     1.559982
  -24.726000     1.518863
  -24.716000     1.477555
  -24.706000     1.435432
  -24.696000     1.393122
  -24.686000     1.351801
  -24.676000     1.309500
  -24.666000     1.268170
  -24.656000     1.224859
  -24.646000     1.183538
  -24.636000     1.141227
  -24.626000     1.101119
  -24.616000     1.058898
  -24.606000     1.018110
  -24.596000     0.977401
  -24.586000     0.936605
  -24.576000     0.897220
  -24.566000     0.857855
  -24.556000     0.818771
  -24.546000     0.780899
  -24.536000     0.744137
  -24.526000     0.706687
  -24.516000     0.670740
  -24.506000     0.635502
  -24.496000     0.599981
  -24.486000     0.566763
  -24.476000     0.533656
  -24.466000     0.501151
  -24.456000     0.468967
  -24.446000     0.438578
  -24.436000     0.407762
  -24.426000     0.378731
  -24.416000     0.350836
  -24.406000     0.323480
  -24.396000     0.296935
  -24.386000     0.271365
  -24.376000     0.246602
  -24.366000     0.222779
  -24.356000     0.199908
  -24.346000     0.177998
  -24.336000     0.156797
  -24.326000     0.136588
  -24.316000     0.117230
  -24.306000     0.098682
  -24.296000     0.081046
  -24.286000     0.064239
  -24.276000     0.048293
  -24.266000     0.033115
  -24.256000     0.018777
  -24.246000     0.005238
  -24.236000    -0.007525
  -24.226000    -0.019531
  -24.216000    -0.030803
  -24.206000    -0.041364
  -24.196000    -0.051178
  -24.186000    -0.060351
  -24.176000    -0.068756
  -24.166000    -0.076642
  -24.156000    -0.083880
  -24.146000    -0.090390
  -24.136000    -0.096376
  -24.126000    -0.101872
  -24.116000    -0.106852
  -24.106000    -0.111146
  -24.096000    -0.115185
  -24.086000    -0.118516
  -24.076000    -0.121383
  -24.066000    -0.124024
  -24.056000    -0.126091
  -24.046000    -0.127810
  -24.036000    -0.129098
  -24.026000    -0.130159
  -24.016000    -0.130798
  -24.006000    -0.131111
  -23.996000    -0.131133
  -23.986000    -0.130950
  -23.976000    -0.130464
  -23.966000    -0.129713
  -23.956000    -0.128771
  -23.946000    -0.127518
  -23.936000    -0.126131
  -23.926000    -0.124672
  -23.916000    -0.123062
  -23.906000    -0.121180
  -23.896000    -0.119155
  -23.886000    -0.117109
  -23.876000    -0.114901
  -23.866000    -0.112552
  -23.856000    -0.110204
  -23.846000    -0.107805
  -23.836000    -0.105303
  -23.826000    -0.102752
  -23.816000    -0.099999
  -23.806000    -0.097438
  -23.796000    -0.094874
  -23.786000    -0.092202
  -23.776000    -0.089429
  -23.766000    -0.086856
  -23.756000    -0.084063
  -23.746000    -0.081391
  -23.736000    -0.078728
  -23.726000    -0.076177
  -23.716000    -0.073515
  -23.706000    -0.070981
  -23.696000    -0.068381
  -23.686000    -0.065921
  -23.676000    -0.063550
  -23.666000    -0.061031
  -23.656000    -0.058732
  -23.646000    -0.056353
  -23.636000    -0.054086
  -23.626000    -0.051988
  -23.616000    -0.049772
  -23.606000    -0.047706
  -23.596000    -0.045671
  -23.586000    -0.043636
  -23.576000    -0.041728
  -23.566000    -0.039893
  -23.556000    -0.038078
  -23.546000    -0.036286
  -23.536000    -0.034597
  -23.526000    -0.032969
  -23.516000    -0.031373
  -23.506000    -0.029850
  -23.496000    -0.028386
  -23.486000    -0.026976
  -23.476000    -0.025610
  -23.466000    -0.024319
  -23.456000    -0.023071
  -23.446000    -0.021866
  -23.436000    -0.020716
  -23.426000    -0.019619
  -23.416000    -0.018554
  -23.406000    -0.017551
  -23.396000    -0.016586
  -23.386000    -0.015663
  -23.376000    -0.014794
  -23.366000    -0.013950
  -23.356000    -0.013158
  -23.346000    -0.012401
  -23.336000    -0.011669
  -23.326000    -0.010979
  -23.316000    -0.010340
  -23.306000    -0.009725
  -23.296000    -0.009121
  -23.286000    -0.008579
  -23.276000    -0.008056
  -23.266000    -0.007554
  -23.256000    -0.007084
  -23.246000    -0.006644
  -23.236000    -0.006218
  -23.226000    -0.005816
  -23.216000    -0.005446
  -23.206000    -0.005084
  -23.196000    -0.004755
  -23.186000    -0.004442
  -23.176000    -0.004148
  -23.166000    -0.003876
  -23.156000    -0.003610
  -23.146000    -0.003364
  -23.136000    -0.003134
  -23.126000    -0.002917
  -23.116000    -0.002716
  -23.106000    -0.002527
  -23.096000    -0.002348
  -23.086000    -0.002183
  -23.076000    -0.002028
  -23.066000    -0.001882
  -23.056000    -0.001746
  -23.046000    -0.001618
  -23.036000    -0.001501
  -23.026000    -0.001390
  -23.016000    -0.001288
  -23.006000    -0.001192
  -22.996000    -0.001102
  -22.986000    -0.001020
  -22.976000    -0.000943
  -22.966000    -0.000872
  -22.956000    -0.000805
  -22.946000    -0.000743
  -22.936000    -0.000687
  -22.926000    -0.000634
  -22.916000    -0.000586
  -22.906000    -0.000541
  -22.896000    -0.000499
  -22.886000    -0.000460
  -22.876000    -0.000425
  -22.866000    -0.000392
  -22.856000    -0.000363
  -22.846000    -0.000336
  -22.836000    -0.000311
  -22.826000    -0.000288
  -22.816000    -0.000268
  -22.806000    -0.000249
  -22.796000    -0.000232
  -22.786000    -0.000217
  -22.776000    -0.000204
  -22.766000    -0.000192
  -22.756000    -0.000182
  -22.746000    -0.000173
  -22.736000    -0.000166
  -22.726000    -0.000159
  -22.716000    -0.000155
  -22.706000    -0.000151
  -22.696000    -0.000149
  -22.686000    -0.000148
  -22.676000    -0.000148
  -22.666000    -0.000150
  -22.656000    -0.000152
  -22.646000    -0.000156
  -22.636000    -0.000162
  -22.626000    -0.000168
  -22.616000    -0.000176
  -22.606000    -0.000185
  -22.596000    -0.000196
  -22.586000    -0.000209
  -22.576000    -0.000223
  -22.566000    -0.000238
  -22.556000    -0.000256
  -22.546000    -0.000275
  -22.536000    -0.000297
  -22.526000    -0.000320
  -22.516000    -0.000346
  -22.506000    -0.000374
  -22.496000    -0.000405
  -22.486000    -0.000438
  -22.476000    -0.000475
  -22.466000    -0.000515
  -22.456000    -0.000557
  -22.446000    -0.000605
  -22.436000    -0.000655
  -22.426000    -0.000709
  -22.416000    -0.000768
  -22.406000    -0.000832
  -22.396000    -0.000900
  -22.386000    -0.000973
  -22.376000    -0.001053
  -22.366000    -0.001138
  -22.356000    -0.001231
  -22.346000    -0.001330
  -22.336000    -0.001435
  -22.326000    -0.001549
  -22.316000    -0.001672
  -22.306000    -0.001802
  -22.296000    -0.001942
  -22.286000    -0.002092
  -22.276000    -0.002253
  -22.266000    -0.002425
  -22.256000    -0.002606
  -22.246000    -0.002803
  -22.236000    -0.003011
  -22.226000    -0.003235
  -22.216000    -0.003471
  -22.206000    -0.003726
  -22.196000    -0.003994
  -22.186000    -0.004283
  -22.176000    -0.004589
  -22.166000    -0.004908
  -22.156000    -0.005247
  -22.146000    -0.005616
  -22.136000    -0.006005
  -22.126000    -0.006403
  -22.116000    -0.006837
  -22.106000    -0.007296
  -22.096000    -0.007786
  -22.086000    -0.008302
  -22.076000    -0.008849
  -22.066000    -0.009414
  -22.056000    -0.010018
  -22.046000    -0.010654
  -22.036000    -0.011329
  -22.026000    -0.012035
  -22.016000    -0.012785
  -22.006000    -0.013563
  -21.996000    -0.014381
  -21.986000    -0.015247
  -21.976000    -0.016142
  -21.966000    -0.017093
  -21.956000    -0.018077
  -21.946000    -0.019116
  -21.936000    -0.020195
  -21.926000    -0.021336
  -21.916000    -0.022503
  -21.906000    -0.023743
  -21.896000    -0.025050
  -21.886000    -0.026391
  -21.876000    -0.027789
  -21.866000    -0.029231
  -21.856000    -0.030750
  -21.846000    -0.032293
  -21.836000    -0.033953
  -21.826000    -0.035627
  -21.816000    -0.037338
  -21.806000    -0.039191
  -21.796000    -0.040976
  -21.786000    -0.042934
  -21.776000    -0.044958
  -21.766000    -0.046894
  -21.756000    -0.049065
  -21.746000    -0.051169
  -21.736000    -0.053385
  -21.726000    -0.055743
  -21.716000    -0.058023
  -21.706000    -0.060433
  -21.696000    -0.062745
  -21.686000    -0.065291
  -21.676000    -0.067747
  -21.666000    -0.070355
  -21.656000    -0.072953
  -21.646000    -0.075553
  -21.636000    -0.078185
  -21.626000    -0.080909
  -21.616000    -0.083630
  -21.606000    -0.086352
  -21.596000    -0.089185
  -21.586000    -0.091867
  -21.576000    -0.094598
  -21.566000    -0.097430
  -21.556000    -0.100062
  -21.546000    -0.102673
  -21.536000    -0.105295
  -21.526000    -0.107993
  -21.516000    -0.110683
  -21.506000    -0.113050
  -21.496000    -0.115502
  -21.486000    -0.117816
  -21.476000    -0.120218
  -21.466000    -0.122259
  -21.456000    -0.124188
  -21.446000    -0.126176
  -21.436000    -0.127881
  -21.426000    -0.129375
  -21.416000    -0.130676
  -21.406000    -0.131946
  -21.396000    -0.132852
  -21.386000    -0.133685
  -21.376000    -0.134113
  -21.366000    -0.134410
  -21.356000    -0.134304
  -21.346000    -0.133882
  -21.336000    -0.133167
  -21.326000    -0.132068
  -21.316000    -0.130753
  -21.306000    -0.128904
  -21.296000    -0.126861
  -21.286000    -0.124241
  -21.276000    -0.121037
  -21.266000    -0.117457
  -21.256000    -0.113540
  -21.246000    -0.108990
  -21.236000    -0.103957
  -21.226000    -0.098345
  -21.216000    -0.092173
  -21.206000    -0.085316
  -21.196000    -0.077859
  -21.186000    -0.069925
  -21.176000    -0.061161
  -21.166000    -0.051718
  -21.156000    -0.041626
  -21.146000    -0.030833
  -21.136000    -0.019277
  -21.126000    -0.006965
  -21.116000     0.006115
  -21.106000     0.019995
  -21.096000     0.034672
  -21.086000     0.050122
  -21.076000     0.066569
  -21.066000     0.083766
  -21.056000     0.101825
  -21.046000     0.120767
  -21.036000     0.140538
  -21.026000     0.161295
  -21.016000     0.182837
  -21.006000     0.205334
  -20.996000     0.228700
  -20.986000     0.253078
  -20.976000     0.278329
  -20.966000     0.304345
  -20.956000     0.331052
  -20.946000     0.359544
  -20.936000     0.388397
  -20.926000     0.417922
  -20.916000     0.447981
  -20.906000     0.480265
  -20.896000     0.511096
  -20.886000     0.544148
  -20.876000     0.578746
  -20.866000     0.612621
  -20.856000     0.647623
  -20.846000     0.684237
  -20.836000     0.720266
  -20.826000     0.758411
  -20.816000     0.796652
  -20.806000     0.834099
  -20.796000     0.873759
  -20.786000     0.914515
  -20.776000     0.953424
  -20.766000     0.994334
  -20.756000     1.035423
  -20.746000     1.076721
  -20.736000     1.116693
  -20.726000     1.159169
  -20.716000     1.201410
  -20.706000     1.243835
  -20.696000     1.285055
  -20.686000     1.327447
  -20.676000     1.369530
  -20.666000     1.412907
  -20.656000     1.454956
  -20.646000     1.494899
  -20.636000     1.536712
  -20.626000     1.578505
  -20.616000     1.618970
  -20.606000     1.658405
  -20.596000     1.698592
  -20.586000     1.737570
  -20.576000     1.775421
  -20.566000     1.812927
  -20.556000     1.850018
  -20.546000     1.885643
  -20.536000     1.921461
  -20.526000     1.955050
  -20.516000     1.987675
  -20.506000     2.019374
  -20.496000     2.052130
  -20.486000     2.079640
  -20.476000     2.107834
  -20.466000     2.135962
  -20.456000     2.161054
  -20.446000     2.186854
  -20.436000     2.207294
  -20.426000     2.229811
  -20.416000     2.249184
  -20.406000     2.269341
  -20.396000     2.284052
  -20.386000     2.300634
  -20.376000     2.314288
  -20.366000     2.325609
  -20.356000     2.335614
  -20.346000     2.342592
  -20.336000     2.351145
  -20.326000     2.354875
  -20.316000     2.357200
  -20.306000     2.359382
  -20.296000     2.360350
  -20.286000     2.358115
  -20.276000     2.352879
  -20.266000     2.348357
  -20.256000     2.339714
  -20.246000     2.331060
  -20.236000     2.320054
  -20.226000     2.308160
  -20.216000     2.291956
  -20.206000     2.277854
  -20.196000     2.259437
  -20.186000     2.242104
  -20.176000     2.220612
  -20.166000     2.200153
  -20.156000     2.176637
  -20.146000     2.151026
  -20.136000     2.125680
  -20.126000     2.098962
  -20.116000     2.070540
  -20.106000     2.042134
  -20.096000     2.010847
  -20.086000     1.980932
  -20.076000     1.946892
  -20.066000     1.915676
  -20.056000     1.881167
  -20.046000     1.847064
  -20.036000     1.812310
  -20.026000     1.776583
  -20.016000     1.740004
  -20.006000     1.704694
  -19.996000     1.668345
  -19.986000     1.632430
  -19.976000     1.593787
  -19.966000     1.558473
  -19.956000     1.520643
  -19.946000     1.484965
  -19.936000     1.448980
  -19.926000     1.412402
  -19.916000     1.376507
  -19.906000     1.341952
  -19.896000     1.307110
  -19.886000     1.273120
  -19.876000     1.239489
  -19.866000     1.207942
  -19.856000     1.175741
  -19.846000     1.144745
  -19.836000     1.115233
  -19.826000     1.086709
  -19.816000     1.060308
  -19.806000     1.032649
  -19.796000     1.009034
  -19.786000     0.984017
  -19.776000     0.962200
  -19.766000     0.941580
  -19.756000     0.921980
  -19.746000     0.904600
  -19.736000     0.889140
  -19.726000     0.872710
  -19.716000     0.861440
  -19.706000     0.849860
  -19.696000     0.840530
  -19.686000     0.831470
  -19.676000     0.826430
  -19.666000     0.820880
  -19.656000     0.818730
  -19.646000     0.817920
  -19.636000     0.818410
  -19.626000     0.820470
  -19.616000     0.824990
  -19.606000     0.830960
  -19.596000     0.838770
  -19.586000     0.848020
  -19.576000     0.859090
  -19.566000     0.872220
  -19.556000     0.886170
  -19.546000     0.901990
  -19.536000     0.919930
  -19.526000     0.939280
  -19.516000     0.960080
  -19.506000     0.982140
  -19.496000     1.004970
  -19.486000     1.029660
  -19.476000     1.054810
  -19.466000     1.082010
  -19.456000     1.110840
  -19.446000     1.140553
  -19.436000     1.171253
  -19.426000     1.201218
  -19.416000     1.232840
  -19.406000     1.267320
  -19.396000     1.299600
  -19.386000     1.334390
  -19.376000     1.370780
  -19.366000     1.405700
  -19.356000     1.440840
  -19.346000     1.475610
  -19.336000     1.513900
  -19.326000     1.549470
  -19.316000     1.586490
  -19.306000     1.623230
  -19.296000     1.659200
  -19.286000     1.695490
  -19.276000     1.730800
  -19.266000     1.767230
  -19.256000     1.802190
  -19.246000     1.836560
  -19.236000     1.872250
  -19.226000     1.904150
  -19.216000     1.936070
  -19.206000     1.968810
  -19.196000     2.000760
  -19.186000     2.029420
  -19.176000     2.058890
  -19.166000     2.086670
  -19.156000     2.111570
  -19.146000     2.137970
  -19.136000     2.162770
  -19.126000     2.186720
  -19.116000     2.209230
  -19.106000     2.228360
  -19.096000     2.246010
  -19.086000     2.263660
  -19.076000     2.278230
  -19.066000     2.294110
  -19.056000     2.305690
  -19.046000     2.313870
  -19.036000     2.323860
  -19.026000     2.332040
  -19.016000     2.337020
  -19.006000     2.341510
  -18.996000     2.342680
  -18.986000     2.341600
  -18.976000     2.342060
  -18.966000     2.336220
  -18.956000     2.334640
  -18.946000     2.326850
  -18.936000     2.317420
  -18.926000     2.308470
  -18.916000     2.296190
  -18.906000     2.281452
  -18.896000     2.267406
  -18.886000     2.249813
  -18.876000     2.231834
  -18.866000     2.210408
  -18.856000     2.190632
  -18.846000     2.167577
  -18.836000     2.142986
  -18.826000     2.118920
  -18.816000     2.090591
  -18.806000     2.061910
  -18.796000     2.031961
  -18.786000     2.002359
  -18.776000     1.970794
  -18.766000     1.934665
  -18.756000     1.901473
  -18.746000     1.867741
  -18.736000     1.829945
  -18.726000     1.791786
  -18.716000     1.756175
  -18.706000     1.717421
  -18.696000     1.676424
  -18.686000     1.638262
  -18.676000     1.597941
  -18.666000     1.557700
  -18.656000     1.513200
  -18.646000     1.473969
  -18.636000     1.432080
  -18.626000     1.388362
  -18.616000     1.347508
  -18.606000     1.304417
  -18.596000     1.260279
  -18.586000     1.217318
  -18.576000     1.175332
  -18.566000     1.133322
  -18.556000     1.090670
  -18.546000     1.048305
  -18.536000     1.007201
  -18.526000     0.963925
  -18.516000     0.924318
  -18.506000     0.883253
  -18.496000     0.842380
  -18.486000     0.801598
  -18.476000     0.762629
  -18.466000     0.723104
  -18.456000     0.684862
  -18.446000     0.647056
  -18.436000     0.609753
  -18.426000     0.573397
  -18.416000     0.537187
  -18.406000     0.502103
  -18.396000     0.467753
  -18.386000     0.433705
  -18.376000     0.400846
  -18.366000     0.368713
  -18.356000     0.337290
  -18.346000     0.306535
  -18.336000     0.276812
  -18.326000     0.248049
  -18.316000     0.219719
  -18.306000     0.192398
  -18.296000     0.166201
  -18.286000     0.140506
  -18.276000     0.115693
  -18.266000     0.091910
  -18.256000     0.068834
  -18.246000     0.046494
  -18.236000     0.025150
  -18.226000     0.004573
  -18.216000    -0.015189
  -18.206000    -0.034089
  -18.196000    -0.052221
  -18.186000    -0.069562
  -18.176000    -0.086075
  -18.166000    -0.101814
  -18.156000    -0.116854
  -18.146000    -0.131133
  -18.136000    -0.144633
  -18.126000    -0.157268
  -18.116000    -0.169317
  -18.106000    -0.180651
  -18.096000    -0.191232
  -18.086000    -0.201193
  -18.076000    -0.210399
  -18.066000    -0.218865
  -18.056000    -0.226819
  -18.046000    -0.234120
  -18.036000    -0.240690
  -18.026000    -0.246519
  -18.016000    -0.251835
  -18.006000    -0.256610
  -17.996000    -0.260554
  -17.986000    -0.264075
  -17.976000    -0.267046
  -17.966000    -0.269195
  -17.956000    -0.271003
  -17.946000    -0.272009
  -17.936000    -0.272434
  -17.926000    -0.272358
  -17.916000    -0.271852
  -17.906000    -0.270394
  -17.896000    -0.268705
  -17.886000    -0.266096
  -17.876000    -0.263125
  -17.866000    -0.259545
  -17.856000    -0.255083
  -17.846000    -0.250381
  -17.836000    -0.244759
  -17.826000    -0.238666
  -17.816000    -0.232022
  -17.806000    -0.224540
  -17.796000    -0.216475
  -17.786000    -0.208082
  -17.776000    -0.198618
  -17.766000    -0.188564
  -17.756000    -0.178130
  -17.746000    -0.166676
  -17.736000    -0.154795
  -17.726000    -0.141977
  -17.716000    -0.128509
  -17.706000    -0.114381
  -17.696000    -0.099479
  -17.686000    -0.083949
  -17.676000    -0.067521
  -17.666000    -0.050314
  -17.656000    -0.032450
  -17.646000    -0.013799
  -17.636000     0.005588
  -17.626000     0.025872
  -17.616000     0.046716
  -17.606000     0.068563
  -17.596000     0.091253
  -17.586000     0.114603
  -17.576000     0.138795
  -17.566000     0.163772
  -17.556000     0.189457
  -17.546000     0.216068
  -17.536000     0.243397
  -17.526000     0.271421
  -17.516000     0.300263
  -17.506000     0.330014
  -17.496000     0.360272
  -17.486000     0.391524
  -17.476000     0.423270
  -17.466000     0.455919
  -17.456000     0.488984
  -17.446000     0.523303
  -17.436000     0.557637
  -17.426000     0.593228
  -17.416000     0.628539
  -17.406000     0.665213
  -17.396000     0.702178
  -17.386000     0.740746
  -17.376000     0.778175
  -17.366000     0.816959
  -17.356000     0.855373
  -17.346000     0.895931
  -17.336000     0.934446
  -17.326000     0.974404
  -17.316000     1.016122
  -17.306000     1.055085
  -17.296000     1.096393
  -17.286000     1.138766
  -17.276000     1.178915
  -17.266000     1.222390
  -17.256000     1.262102
  -17.246000     1.302722
  -17.236000     1.345499
  -17.226000     1.387154
  -17.216000     1.428119
  -17.206000     1.469764
  -17.196000     1.510948
  -17.186000     1.551224
  -17.176000     1.592272
  -17.166000     1.632696
  -17.156000     1.671708
  -17.146000     1.711125
  -17.136000     1.751428
  -17.126000     1.788761
  -17.116000     1.827892
  -17.106000     1.864317
  -17.096000     1.902444
  -17.086000     1.937184
  -17.076000     1.972534
  -17.066000     2.010208
  -17.056000     2.043704
  -17.046000     2.077925
  -17.036000     2.109482
  -17.026000     2.142696
  -17.016000     2.173371
  -17.006000     2.203569
  -16.996000     2.233239
  -16.986000     2.263353
  -16.976000     2.290691
  -16.966000     2.317413
  -16.956000     2.344079
  -16.946000     2.370088
  -16.936000     2.393462
  -16.926000     2.416000
  -16.916000     2.438882
  -16.906000     2.460829
  -16.896000     2.481340
  -16.886000     2.500796
  -16.876000     2.521726
  -16.866000     2.539281
  -16.856000     2.555790
  -16.846000     2.570640
  -16.836000     2.587580
  -16.826000     2.603070
  -16.816000     2.614970
  -16.806000     2.631390
  -16.796000     2.641220
  -16.786000     2.654360
  -16.776000     2.663820
  -16.766000     2.673100
  -16.756000     2.684390
  -16.746000     2.692590
  -16.736000     2.701010
  -16.726000     2.707540
  -16.716000     2.716790
  -16.706000     2.722250
  -16.696000     2.726710
  -16.686000     2.734200
  -16.676000     2.738300
  -16.666000     2.742470
  -16.656000     2.747770
  -16.646000     2.751880
  -16.636000     2.754790
  -16.626000     2.759900
  -16.616000     2.763120
  -16.606000     2.765240
  -16.596000     2.766960
  -16.586000     2.770180
  -16.576000     2.771310
  -16.566000     2.772140
  -16.556000     2.775170
  -16.546000     2.775200
  -16.536000     2.778040
  -16.526000     2.778870
  -16.516000     2.777810
  -16.506000     2.779650
  -16.496000     2.779880
  -16.486000     2.780320
  -16.476000     2.780750
  -16.466000     2.780290
  -16.456000     2.781920
  -16.446000     2.780850
  -16.436000     2.780580
  -16.426000     2.778110
  -16.416000     2.780540
  -16.406000     2.779160
  -16.396000     2.776900
  -16.386000     2.774300
  -16.376000     2.773800
  -16.366000     2.771300
  -16.356000     2.768700
  -16.346000     2.767700
  -16.336000     2.764300
  -16.326000     2.761000
  -16.316000     2.756700
  -16.306000     2.753900
  -16.296000     2.748800
  -16.286000     2.743000
  -16.276000     2.739200
  -16.266000     2.735300
  -16.256000     2.727900
  -16.246000     2.722000
  -16.236000     2.713000
  -16.226000     2.706100
  -16.216000     2.696100
  -16.206000     2.684500
  -16.196000     2.676200
  -16.186000     2.665800
  -16.176000     2.652500
  -16.166000     2.640330
  -16.156000     2.626340
  -16.146000     2.613360
  -16.136000     2.599680
  -16.126000     2.582080
  -16.116000     2.565460
  -16.106000     2.547970
  -16.096000     2.530500
  -16.086000     2.509810
  -16.076000     2.490350
  -16.066000     2.468180
  -16.056000     2.446250
  -16.046000     2.423630
  -16.036000     2.400450
  -16.026000     2.373827
  -16.016000     2.348202
  -16.006000     2.322600
  -15.996000     2.295052
  -15.986000     2.267463
  -15.976000     2.236702
  -15.966000     2.207498
  -15.956000     2.175018
  -15.946000     2.142383
  -15.936000     2.110153
  -15.926000     2.076746
  -15.916000     2.042412
  -15.906000     2.007849
  -15.896000     1.971427
  -15.886000     1.937060
  -15.876000     1.898810
  -15.866000     1.859520
  -15.856000     1.824260
  -15.846000     1.782830
  -15.836000     1.745330
  -15.826000     1.704880
  -15.816000     1.665950
  -15.806000     1.625100
  -15.796000     1.585100
  -15.786000     1.544030
  -15.776000     1.502980
  -15.766000     1.462650
  -15.756000     1.420640
  -15.746000     1.379950
  -15.736000     1.337990
  -15.726000     1.297440
  -15.716000     1.254710
  -15.706000     1.213170
  -15.696000     1.172760
  -15.686000     1.131470
  -15.676000     1.090290
  -15.666000     1.049320
  -15.656000     1.009640
  -15.646000     0.969180
  -15.636000     0.929637
  -15.626000     0.890388
  -15.616000     0.850770
  -15.606000     0.812211
  -15.596000     0.775062
  -15.586000     0.737073
  -15.576000     0.700794
  -15.566000     0.664193
  -15.556000     0.629433
  -15.546000     0.593991
  -15.536000     0.559809
  -15.526000     0.525965
  -15.516000     0.492561
  -15.506000     0.460876
  -15.496000     0.428659
  -15.486000     0.398201
  -15.476000     0.368282
  -15.466000     0.338992
  -15.456000     0.310471
  -15.446000     0.282512
  -15.436000     0.256003
  -15.426000     0.229841
  -15.416000     0.204457
  -15.406000     0.180054
  -15.396000     0.156206
  -15.386000     0.133285
  -15.376000     0.111082
  -15.366000     0.089751
  -15.356000     0.069118
  -15.346000     0.049305
  -15.336000     0.030199
  -15.326000     0.011815
  -15.316000    -0.005778
  -15.306000    -0.022622
  -15.296000    -0.038820
  -15.286000    -0.054282
  -15.276000    -0.069052
  -15.266000    -0.083224
  -15.256000    -0.096690
  -15.246000    -0.109550
  -15.236000    -0.121760
  -15.226000    -0.133410
  -15.216000    -0.144550
  -15.206000    -0.155130
  -15.196000    -0.164980
  -15.186000    -0.174570
  -15.176000    -0.183410
  -15.166000    -0.191980
  -15.156000    -0.199980
  -15.146000    -0.207450
  -15.136000    -0.214440
  -15.126000    -0.221150
  -15.116000    -0.227590
  -15.106000    -0.233550
  -15.096000    -0.239240
  -15.086000    -0.244360
  -15.076000    -0.249420
  -15.066000    -0.253990
  -15.056000    -0.258230
  -15.046000    -0.262180
  -15.036000    -0.266100
  -15.026000    -0.269440
  -15.016000    -0.272640
  -15.006000    -0.275500
  -14.996000    -0.278210
  -14.986000    -0.280460
  -14.976000    -0.282760
  -14.966000    -0.284860
  -14.956000    -0.286460
  -14.946000    -0.288110
  -14.936000    -0.289430
  -14.926000    -0.290380
  -14.916000    -0.291210
  -14.906000    -0.291980
  -14.896000    -0.292400
  -14.886000    -0.292550
  -14.876000    -0.292460
  -14.866000    -0.292220
  -14.856000    -0.291810
  -14.846000    -0.290610
  -14.836000    -0.289610
  -14.826000    -0.288300
  -14.816000    -0.286800
  -14.806000    -0.284550
  -14.796000    -0.282220
  -14.786000    -0.279290
  -14.776000    -0.276280
  -14.766000    -0.272850
  -14.756000    -0.269200
  -14.746000    -0.264850
  -14.736000    -0.260250
  -14.726000    -0.255310
  -14.716000    -0.249270
  -14.706000    -0.243400
  -14.696000    -0.236660
  -14.686000    -0.229180
  -14.676000    -0.221490
  -14.666000    -0.213130
  -14.656000    -0.204050
  -14.646000    -0.194510
  -14.636000    -0.184200
  -14.626000    -0.172925
  -14.616000    -0.161341
  -14.606000    -0.148651
  -14.596000    -0.135433
  -14.586000    -0.121295
  -14.576000    -0.106325
  -14.566000    -0.090565
  -14.556000    -0.073847
  -14.546000    -0.056478
  -14.536000    -0.037962
  -14.526000    -0.018615
  -14.516000     0.001859
  -14.506000     0.023160
  -14.496000     0.045567
  -14.486000     0.068729
  -14.476000     0.093178
  -14.466000     0.118737
  -14.456000     0.145298
  -14.446000     0.172981
  -14.436000     0.201623
  -14.426000     0.231547
  -14.416000     0.262485
  -14.406000     0.294436
  -14.396000     0.327622
  -14.386000     0.362070
  -14.376000     0.397666
  -14.366000     0.434302
  -14.356000     0.472152
  -14.346000     0.511108
  -14.336000     0.551102
  -14.326000     0.592356
  -14.316000     0.634923
  -14.306000     0.678325
  -14.296000     0.722854
  -14.286000     0.769011
  -14.276000     0.816115
  -14.266000     0.862776
  -14.256000     0.911862
  -14.246000     0.962630
  -14.236000     1.013080
  -14.226000     1.064920
  -14.216000     1.118490
  -14.206000     1.172890
  -14.196000     1.226840
  -14.186000     1.282140
  -14.176000     1.338470
  -14.166000     1.396640
  -14.156000     1.455050
  -14.146000     1.513100
  -14.136000     1.571890
  -14.126000     1.632640
  -14.116000     1.694020
  -14.106000     1.755840
  -14.096000     1.815840
  -14.086000     1.879640
  -14.076000     1.942160
  -14.066000     2.005700
  -14.056000     2.068540
  -14.046000     2.133700
  -14.036000     2.198100
  -14.026000     2.262100
  -14.016000     2.326400
  -14.006000     2.391200
  -13.996000     2.456000
  -13.986000     2.520000
  -13.976000     2.585100
  -13.966000     2.650100
  -13.956000     2.713400
  -13.946000     2.776500
  -13.936000     2.839800
  -13.926000     2.904100
  -13.916000     2.968600
  -13.906000     3.031700
  -13.896000     3.094000
  -13.886000     3.156400
  -13.876000     3.217800
  -13.866000     3.277100
  -13.856000     3.338700
  -13.846000     3.396300
  -13.836000     3.455800
  -13.826000     3.514400
  -13.816000     3.569900
  -13.806000     3.625500
  -13.796000     3.680200
  -13.786000     3.736800
  -13.776000     3.787400
  -13.766000     3.841200
  -13.756000     3.891900
  -13.746000     3.941300
  -13.736000     3.990100
  -13.726000     4.040100
  -13.716000     4.086200
  -13.706000     4.129300
  -13.696000     4.173700
  -13.686000     4.217100
  -13.676000     4.259300
  -13.666000     4.295500
  -13.656000     4.337600
  -13.646000     4.371600
  -13.636000     4.409600
  -13.626000     4.443600
  -13.616000     4.477300
  -13.606000     4.509200
  -13.596000     4.538900
  -13.586000     4.571400
  -13.576000     4.595000
  -13.566000     4.618500
  -13.556000     4.644600
  -13.546000     4.671100
  -13.536000     4.692300
  -13.526000     4.712300
  -13.516000     4.730500
  -13.506000     4.748400
  -13.496000     4.763000
  -13.486000     4.778000
  -13.476000     4.790700
  -13.466000     4.802500
  -13.456000     4.813000
  -13.446000     4.818300
  -13.436000     4.825700
  -13.426000     4.831400
  -13.416000     4.833900
  -13.406000     4.845300
  -13.396000     4.839400
  -13.386000     4.837600
  -13.376000     4.841800
  -13.366000     4.837800
  -13.356000     4.830600
  -13.346000     4.823000
  -13.336000     4.816100
  -13.326000     4.804600
  -13.316000     4.793700
  -13.306000     4.782800
  -13.296000     4.773000
  -13.286000     4.758900
  -13.276000     4.743000
  -13.266000     4.731000
  -13.256000     4.704100
  -13.246000     4.687300
  -13.236000     4.670400
  -13.226000     4.641300
  -13.216000     4.623400
  -13.206000     4.597400
  -13.196000     4.571400
  -13.186000     4.542400
  -13.176000     4.515300
  -13.166000     4.486500
  -13.156000     4.453400
  -13.146000     4.420600
  -13.136000     4.389100
  -13.126000     4.354800
  -13.116000     4.319200
  -13.106000     4.280900
  -13.096000     4.239500
  -13.086000     4.202200
  -13.076000     4.161800
  -13.066000     4.122400
  -13.056000     4.080500
  -13.046000     4.035700
  -13.036000     3.989900
  -13.026000     3.946200
  -13.016000     3.900300
  -13.006000     3.852640
  -12.996000     3.803270
  -12.986000     3.754370
  -12.976000     3.704430
  -12.966000     3.651460
  -12.956000     3.601650
  -12.946000     3.547600
  -12.936000     3.494720
  -12.926000     3.443890
  -12.916000     3.385322
  -12.906000     3.329710
  -12.896000     3.274350
  -12.886000     3.217950
  -12.876000     3.158700
  -12.866000     3.103100
  -12.856000     3.044340
  -12.846000     2.985330
  -12.836000     2.924670
  -12.826000     2.864550
  -12.816000     2.804470
  -12.806000     2.745030
  -12.796000     2.682920
  -12.786000     2.621050
  -12.776000     2.560720
  -12.766000     2.499310
  -12.756000     2.437740
  -12.746000     2.374600
  -12.736000     2.313080
  -12.726000     2.253240
  -12.716000     2.189960
  -12.706000     2.127310
  -12.696000     2.067220
  -12.686000     2.003980
  -12.676000     1.944490
  -12.666000     1.882740
  -12.656000     1.821550
  -12.646000     1.760610
  -12.636000     1.701180
  -12.626000     1.639930
  -12.616000     1.581070
  -12.606000     1.521670
  -12.596000     1.463850
  -12.586000     1.405018
  -12.576000     1.349669
  -12.566000     1.292750
  -12.556000     1.236912
  -12.546000     1.182483
  -12.536000     1.126780
  -12.526000     1.072310
  -12.516000     1.019185
  -12.506000     0.966860
  -12.496000     0.916940
  -12.486000     0.866473
  -12.476000     0.816028
  -12.466000     0.767565
  -12.456000     0.719772
  -12.446000     0.672842
  -12.436000     0.627812
  -12.426000     0.582792
  -12.416000     0.538860
  -12.406000     0.495910
  -12.396000     0.455050
  -12.386000     0.414179
  -12.376000     0.375191
  -12.366000     0.337030
  -12.356000     0.299990
  -12.346000     0.264317
  -12.336000     0.229447
  -12.326000     0.196302
  -12.316000     0.164016
  -12.306000     0.132875
  -12.296000     0.102976
  -12.286000     0.074383
  -12.276000     0.047318
  -12.266000     0.021341
  -12.256000    -0.003641
  -12.246000    -0.027227
  -12.236000    -0.049491
  -12.226000    -0.070590
  -12.216000    -0.090402
  -12.206000    -0.109058
  -12.196000    -0.126120
  -12.186000    -0.142164
  -12.176000    -0.156868
  -12.166000    -0.170182
  -12.156000    -0.182366
  -12.146000    -0.193179
  -12.136000    -0.202780
  -12.126000    -0.211160
  -12.116000    -0.218250
  -12.106000    -0.223940
  -12.096000    -0.228690
  -12.086000    -0.231780
  -12.076000    -0.233930
  -12.066000    -0.234500
  -12.056000    -0.234150
  -12.046000    -0.232220
  -12.036000    -0.229430
  -12.026000    -0.225150
  -12.016000    -0.219650
  -12.006000    -0.213180
  -11.996000    -0.205266
  -11.986000    -0.196246
  -11.976000    -0.185989
  -11.966000    -0.174429
  -11.956000    -0.161750
  -11.946000    -0.147844
  -11.936000    -0.132831
  -11.926000    -0.116794
  -11.916000    -0.099452
  -11.906000    -0.080988
  -11.896000    -0.061513
  -11.886000    -0.040789
  -11.876000    -0.018938
  -11.866000     0.003912
  -11.856000     0.027780
  -11.846000     0.052642
  -11.836000     0.078619
  -11.826000     0.105773
  -11.816000     0.133553
  -11.806000     0.162551
  -11.796000     0.192360
  -11.786000     0.223450
  -11.776000     0.255080
  -11.766000     0.287617
  -11.756000     0.321140
  -11.746000     0.355570
  -11.736000     0.390780
  -11.726000     0.426490
  -11.716000     0.463110
  -11.706000     0.500790
  -11.696000     0.538630
  -11.686000     0.577230
  -11.676000     0.616680
  -11.666000     0.656654
  -11.656000     0.696852
  -11.646000     0.738339
  -11.636000     0.779876
  -11.626000     0.821832
  -11.616000     0.862818
  -11.606000     0.906234
  -11.596000     0.949380
  -11.586000     0.992135
  -11.576000     1.035927
  -11.566000     1.078863
  -11.556000     1.123041
  -11.546000     1.167146
  -11.536000     1.211501
  -11.526000     1.255905
  -11.516000     1.298976
  -11.506000     1.344399
  -11.496000     1.387605
  -11.486000     1.432174
  -11.476000     1.474718
  -11.466000     1.517547
  -11.456000     1.561350
  -11.446000     1.604115
  -11.436000     1.647865
  -11.426000     1.688389
  -11.416000     1.729203
  -11.406000     1.770521
  -11.396000     1.810922
  -11.386000     1.851615
  -11.376000     1.889412
  -11.366000     1.929933
  -11.356000     1.967857
  -11.346000     2.006196
  -11.336000     2.040566
  -11.326000     2.078860
  -11.316000     2.113384
  -11.306000     2.146068
  -11.296000     2.182881
  -11.286000     2.214730
  -11.276000     2.248855
  -11.266000     2.276954
  -11.256000     2.309379
  -11.246000     2.337838
  -11.236000     2.366527
  -11.226000     2.395469
  -11.216000     2.423314
  -11.206000     2.449622
  -11.196000     2.473022
  -11.186000     2.498416
  -11.176000     2.522312
  -11.166000     2.544091
  -11.156000     2.563954
  -11.146000     2.584280
  -11.136000     2.606898
  -11.126000     2.623530
  -11.116000     2.643370
  -11.106000     2.660400
  -11.096000     2.677540
  -11.086000     2.691990
  -11.076000     2.706450
  -11.066000     2.720200
  -11.056000     2.734160
  -11.046000     2.746420
  -11.036000     2.756690
  -11.026000     2.768260
  -11.016000     2.776940
  -11.006000     2.787820
  -10.996000     2.797700
  -10.986000     2.803980
  -10.976000     2.812270
  -10.966000     2.819660
  -10.956000     2.826250
  -10.946000     2.830550
  -10.936000     2.836340
  -10.926000     2.841740
  -10.916000     2.845230
  -10.906000     2.848840
  -10.896000     2.852340
  -10.886000     2.852040
  -10.876000     2.853540
  -10.866000     2.854090
  -10.856000     2.857590
  -10.846000     2.855070
  -10.836000     2.857750
  -10.826000     2.857340
  -10.816000     2.856620
  -10.806000     2.852190
  -10.796000     2.851360
  -10.786000     2.848630
  -10.776000     2.845990
  -10.766000     2.841950
  -10.756000     2.838990
  -10.746000     2.835840
  -10.736000     2.831280
  -10.726000     2.825920
  -10.716000     2.820550
  -10.706000     2.814180
  -10.696000     2.807200
  -10.686000     2.798010
  -10.676000     2.792620
  -10.666000     2.783520
  -10.656000     2.773360
  -10.646000     2.763180
  -10.636000     2.752290
  -10.626000     2.744290
  -10.616000     2.730400
  -10.606000     2.718600
  -10.596000     2.706560
  -10.586000     2.692780
  -10.576000     2.678410
  -10.566000     2.662650
  -10.556000     2.649310
  -10.546000     2.633080
  -10.536000     2.615950
  -10.526000     2.596730
  -10.516000     2.580940
  -10.506000     2.558960
  -10.496000     2.541290
  -10.486000     2.520740
  -10.476000     2.496330
  -10.466000     2.475910
  -10.456000     2.454730
  -10.446000     2.430630
  -10.436000     2.406658
  -10.426000     2.381857
  -10.416000     2.357017
  -10.406000     2.327651
  -10.396000     2.302042
  -10.386000     2.276721
  -10.376000     2.247449
  -10.366000     2.220460
  -10.356000     2.189330
  -10.346000     2.161680
  -10.336000     2.130810
  -10.326000     2.100100
  -10.316000     2.069670
  -10.306000     2.038200
  -10.296000     2.007910
  -10.286000     1.976600
  -10.276000     1.946670
  -10.266000     1.914410
  -10.256000     1.883810
  -10.246000     1.849520
  -10.236000     1.822480
  -10.226000     1.787720
  -10.216000     1.757040
  -10.206000     1.728630
  -10.196000     1.696410
  -10.186000     1.668270
  -10.176000     1.638320
  -10.166000     1.611050
  -10.156000     1.581950
  -10.146000     1.554030
  -10.136000     1.528390
  -10.126000     1.505340
  -10.116000     1.479190
  -10.106000     1.455120
  -10.096000     1.432658
  -10.086000     1.411608
  -10.076000     1.392240
  -10.066000     1.374574
  -10.056000     1.358209
  -10.046000     1.342321
  -10.036000     1.328131
  -10.026000     1.317757
  -10.016000     1.305752
  -10.006000     1.298437
   -9.996000     1.290860
   -9.986000     1.286270
   -9.976000     1.283080
   -9.966000     1.281790
   -9.956000     1.283140
   -9.946000     1.285346
   -9.936000     1.290619
   -9.926000     1.298479
   -9.916000     1.306694
   -9.906000     1.319185
   -9.896000     1.330340
   -9.886000     1.347560
   -9.876000     1.366200
   -9.866000     1.385600
   -9.856000     1.409040
   -9.846000     1.431943
   -9.836000     1.458509
   -9.826000     1.488610
   -9.816000     1.519586
   -9.806000     1.552718
   -9.796000     1.589274
   -9.786000     1.625480
   -9.776000     1.664960
   -9.766000     1.706120
   -9.756000     1.749720
   -9.746000     1.792200
   -9.736000     1.840032
   -9.726000     1.890468
   -9.716000     1.940546
   -9.706000     1.991889
   -9.696000     2.044996
   -9.686000     2.098403
   -9.676000     2.155331
   -9.666000     2.212898
   -9.656000     2.271623
   -9.646000     2.330240
   -9.636000     2.390895
   -9.626000     2.454925
   -9.616000     2.514281
   -9.606000     2.576846
   -9.596000     2.640544
   -9.586000     2.705603
   -9.576000     2.769982
   -9.566000     2.833419
   -9.556000     2.901080
   -9.546000     2.965886
   -9.536000     3.029895
   -9.526000     3.095074
   -9.516000     3.159452
   -9.506000     3.223950
   -9.496000     3.287488
   -9.486000     3.351345
   -9.476000     3.411911
   -9.466000     3.472898
   -9.456000     3.536994
   -9.446000     3.596020
   -9.436000     3.654335
   -9.426000     3.712541
   -9.416000     3.768006
   -9.406000     3.825382
   -9.396000     3.878917
   -9.386000     3.935302
   -9.376000     3.988937
   -9.366000     4.029503
   -9.356000     4.080118
   -9.346000     4.128774
   -9.336000     4.176359
   -9.326000     4.214000
   -9.316000     4.259810
   -9.306000     4.295470
   -9.296000     4.341270
   -9.286000     4.372950
   -9.276000     4.405698
   -9.266000     4.446588
   -9.256000     4.477370
   -9.246000     4.504340
   -9.236000     4.534140
   -9.226000     4.560070
   -9.216000     4.575960
   -9.206000     4.601040
   -9.196000     4.626250
   -9.186000     4.639250
   -9.176000     4.662480
   -9.166000     4.674286
   -9.156000     4.693714
   -9.146000     4.705330
   -9.136000     4.715057
   -9.126000     4.723704
   -9.116000     4.729771
   -9.106000     4.736725
   -9.096000     4.748013
   -9.086000     4.752416
   -9.076000     4.757814
   -9.066000     4.759433
   -9.056000     4.762471
   -9.046000     4.765239
   -9.036000     4.764267
   -9.026000     4.765711
   -9.016000     4.764059
   -9.006000     4.761921
   -8.996000     4.760796
   -8.986000     4.757672
   -8.976000     4.756861
   -8.966000     4.753480
   -8.956000     4.750080
   -8.946000     4.747810
   -8.936000     4.744670
   -8.926000     4.741050
   -8.916000     4.738200
   -8.906000     4.736880
   -8.896000     4.733660
   -8.886000     4.728650
   -8.876000     4.727550
   -8.866000     4.725660
   -8.856000     4.722980
   -8.846000     4.722090
   -8.836000     4.721620
   -8.826000     4.721960
   -8.816000     4.721590
   -8.806000     4.722200
   -8.796000     4.724060
   -8.786000     4.725940
   -8.776000     4.726910
   -8.766000     4.729690
   -8.756000     4.732670
   -8.746000     4.736680
   -8.736000     4.741490
   -8.726000     4.745300
   -8.716000     4.750200
   -8.706000     4.758110
   -8.696000     4.764920
   -8.686000     4.772720
   -8.676000     4.777730
   -8.666000     4.786240
   -8.656000     4.794030
   -8.646000     4.802740
   -8.636000     4.809540
   -8.626000     4.822120
   -8.616000     4.827610
   -8.606000     4.839200
   -8.596000     4.847680
   -8.586000     4.856960
   -8.576000     4.865640
   -8.566000     4.874800
   -8.556000     4.885160
   -8.546000     4.892310
   -8.536000     4.903250
   -8.526000     4.909350
   -8.516000     4.917250
   -8.506000     4.925350
   -8.496000     4.932160
   -8.486000     4.937560
   -8.476000     4.942240
   -8.466000     4.947740
   -8.456000     4.951090
   -8.446000     4.955250
   -8.436000     4.959570
   -8.426000     4.959500
   -8.416000     4.960380
   -8.406000     4.958690
   -8.396000     4.958420
   -8.386000     4.954890
   -8.376000     4.951090
   -8.366000     4.946110
   -8.356000     4.940170
   -8.346000     4.931960
   -8.336000     4.923570
   -8.326000     4.913810
   -8.316000     4.901380
   -8.306000     4.887570
   -8.296000     4.873580
   -8.286000     4.857420
   -8.276000     4.841080
   -8.266000     4.819670
   -8.256000     4.802070
   -8.246000     4.781390
   -8.236000     4.758440
   -8.226000     4.733390
   -8.216000     4.706470
   -8.206000     4.681070
   -8.196000     4.650580
   -8.186000     4.617900
   -8.176000     4.586440
   -8.166000     4.554500
   -8.156000     4.518570
   -8.146000     4.482730
   -8.136000     4.446600
   -8.126000     4.407550
   -8.116000     4.364320
   -8.106000     4.325070
   -8.096000     4.281620
   -8.086000     4.239090
   -8.076000     4.191450
   -8.066000     4.145820
   -8.056000     4.100280
   -8.046000     4.048540
   -8.036000     4.000670
   -8.026000     3.951020
   -8.016000     3.900140
   -8.006000     3.848370
   -7.996000     3.793390
   -7.986000     3.738720
   -7.976000     3.685540
   -7.966000     3.628370
   -7.956000     3.572080
   -7.946000     3.514010
   -7.936000     3.457820
   -7.926000     3.399840
   -7.916000     3.343860
   -7.906000     3.280771
   -7.896000     3.221811
   -7.886000     3.162962
   -7.876000     3.103095
   -7.866000     3.043138
   -7.856000     2.982582
   -7.846000     2.920807
   -7.836000     2.858023
   -7.826000     2.799690
   -7.816000     2.739078
   -7.806000     2.677747
   -7.796000     2.616497
   -7.786000     2.557208
   -7.776000     2.495103
   -7.766000     2.434057
   -7.756000     2.373088
   -7.746000     2.314493
   -7.736000     2.254910
   -7.726000     2.196678
   -7.716000     2.135947
   -7.706000     2.079387
   -7.696000     2.019129
   -7.686000     1.963442
   -7.676000     1.907206
   -7.666000     1.851181
   -7.656000     1.794048
   -7.646000     1.740564
   -7.636000     1.685776
   -7.626000     1.631341
   -7.616000     1.580814
   -7.606000     1.528714
   -7.596000     1.478649
   -7.586000     1.427912
   -7.576000     1.380100
   -7.566000     1.332506
   -7.556000     1.287353
   -7.546000     1.242258
   -7.536000     1.196880
   -7.526000     1.154245
   -7.516000     1.112728
   -7.506000     1.070947
   -7.496000     1.033703
   -7.486000     0.994955
   -7.476000     0.959044
   -7.466000     0.923731
   -7.456000     0.890995
   -7.446000     0.859981
   -7.436000     0.829661
   -7.426000     0.801966
   -7.416000     0.775298
   -7.406000     0.751174
   -7.396000     0.728002
   -7.386000     0.706740
   -7.376000     0.687084
   -7.366000     0.670202
   -7.356000     0.655146
   -7.346000     0.641964
   -7.336000     0.631137
   -7.326000     0.622027
   -7.316000     0.615110
   -7.306000     0.610447
   -7.296000     0.608856
   -7.286000     0.608368
   -7.276000     0.611101
   -7.266000     0.616185
   -7.256000     0.622571
   -7.246000     0.632043
   -7.236000     0.644998
   -7.226000     0.659240
   -7.216000     0.675893
   -7.206000     0.695926
   -7.196000     0.718205
   -7.186000     0.743159
   -7.176000     0.770872
   -7.166000     0.800851
   -7.156000     0.833796
   -7.146000     0.868704
   -7.136000     0.906787
   -7.126000     0.948312
   -7.116000     0.991694
   -7.106000     1.037757
   -7.096000     1.085950
   -7.086000     1.138224
   -7.076000     1.193842
   -7.066000     1.250113
   -7.056000     1.309917
   -7.046000     1.370945
   -7.036000     1.436686
   -7.026000     1.503210
   -7.016000     1.573530
   -7.006000     1.646219
   -6.996000     1.720690
   -6.986000     1.798220
   -6.976000     1.876713
   -6.966000     1.958550
   -6.956000     2.041070
   -6.946000     2.128170
   -6.936000     2.215770
   -6.926000     2.307860
   -6.916000     2.399510
   -6.906000     2.493300
   -6.896000     2.587220
   -6.886000     2.684250
   -6.876000     2.785180
   -6.866000     2.883530
   -6.856000     2.985170
   -6.846000     3.087750
   -6.836000     3.192790
   -6.826000     3.297950
   -6.816000     3.401090
   -6.806000     3.509450
   -6.796000     3.615900
   -6.786000     3.722750
   -6.776000     3.831500
   -6.766000     3.940500
   -6.756000     4.048870
   -6.746000     4.154920
   -6.736000     4.265560
   -6.726000     4.371980
   -6.716000     4.478680
   -6.706000     4.586450
   -6.696000     4.692400
   -6.686000     4.796240
   -6.676000     4.902680
   -6.666000     5.004810
   -6.656000     5.105040
   -6.646000     5.206120
   -6.636000     5.305780
   -6.626000     5.402760
   -6.616000     5.496510
   -6.606000     5.595260
   -6.596000     5.682900
   -6.586000     5.772630
   -6.576000     5.858450
   -6.566000     5.943770
   -6.556000     6.027670
   -6.546000     6.099370
   -6.536000     6.180460
   -6.526000     6.260440
   -6.516000     6.327400
   -6.506000     6.391370
   -6.496000     6.454440
   -6.486000     6.515580
   -6.476000     6.576850
   -6.466000     6.625090
   -6.456000     6.679250
   -6.446000     6.733680
   -6.436000     6.766020
   -6.426000     6.816550
   -6.416000     6.845170
   -6.406000     6.879610
   -6.396000     6.914330
   -6.386000     6.935060
   -6.376000     6.963770
   -6.366000     6.980890
   -6.356000     6.996610
   -6.346000     7.011030
   -6.336000     7.012340
   -6.326000     7.011470
   -6.316000     7.016780
   -6.306000     7.012730
   -6.296000     7.006610
   -6.286000     6.997360
   -6.276000     6.977330
   -6.266000     6.975000
   -6.256000     6.951660
   -6.246000     6.924010
   -6.236000     6.898780
   -6.226000     6.865040
   -6.216000     6.836100
   -6.206000     6.791460
   -6.196000     6.758620
   -6.186000     6.721690
   -6.176000     6.684760
   -6.166000     6.624748
   -6.156000     6.585540
   -6.146000     6.536533
   -6.136000     6.483316
   -6.126000     6.428019
   -6.116000     6.366711
   -6.106000     6.305344
   -6.096000     6.249057
   -6.086000     6.184469
   -6.076000     6.122022
   -6.066000     6.055423
   -6.056000     5.990935
   -6.046000     5.923365
   -6.036000     5.852805
   -6.026000     5.785165
   -6.016000     5.714543
   -6.006000     5.644820
   -5.996000     5.572136
   -5.986000     5.499370
   -5.976000     5.429733
   -5.966000     5.356994
   -5.956000     5.280303
   -5.946000     5.208620
   -5.936000     5.134865
   -5.926000     5.064138
   -5.916000     4.988447
   -5.906000     4.914774
   -5.896000     4.842150
   -5.886000     4.769330
   -5.876000     4.697730
   -5.866000     4.626180
   -5.856000     4.555250
   -5.846000     4.485318
   -5.836000     4.414781
   -5.826000     4.345435
   -5.816000     4.277192
   -5.806000     4.209071
   -5.796000     4.142212
   -5.786000     4.075472
   -5.776000     4.009871
   -5.766000     3.944895
   -5.756000     3.879756
   -5.746000     3.816933
   -5.736000     3.754947
   -5.726000     3.693990
   -5.716000     3.633400
   -5.706000     3.572948
   -5.696000     3.514066
   -5.686000     3.454603
   -5.676000     3.398511
   -5.666000     3.340782
   -5.656000     3.283498
   -5.646000     3.228684
   -5.636000     3.176102
   -5.626000     3.120275
   -5.616000     3.069691
   -5.606000     3.015668
   -5.596000     2.962758
   -5.586000     2.913703
   -5.576000     2.861434
   -5.566000     2.809958
   -5.556000     2.762522
   -5.546000     2.712966
   -5.536000     2.664436
   -5.526000     2.616453
   -5.516000     2.568790
   -5.506000     2.523093
   -5.496000     2.477570
   -5.486000     2.431325
   -5.476000     2.385333
   -5.466000     2.342035
   -5.456000     2.296890
   -5.446000     2.252984
   -5.436000     2.208857
   -5.426000     2.164381
   -5.416000     2.122541
   -5.406000     2.080964
   -5.396000     2.038523
   -5.386000     1.995922
   -5.376000     1.955287
   -5.366000     1.915741
   -5.356000     1.875852
   -5.346000     1.834958
   -5.336000     1.796852
   -5.326000     1.757702
   -5.316000     1.720198
   -5.306000     1.682540
   -5.296000     1.645657
   -5.286000     1.611311
   -5.276000     1.575798
   -5.266000     1.541819
   -5.256000     1.507785
   -5.246000     1.474185
   -5.236000     1.441222
   -5.226000     1.410801
   -5.216000     1.379501
   -5.206000     1.350720
   -5.196000     1.321995
   -5.186000     1.294379
   -5.176000     1.267510
   -5.166000     1.242261
   -5.156000     1.218505
   -5.146000     1.195150
   -5.136000     1.173289
   -5.126000     1.152206
   -5.116000     1.134504
   -5.106000     1.116308
   -5.096000     1.099467
   -5.086000     1.084203
   -5.076000     1.071437
   -5.066000     1.059117
   -5.056000     1.048668
   -5.046000     1.039670
   -5.036000     1.033317
   -5.026000     1.027606
   -5.016000     1.023245
   -5.006000     1.022026
   -4.996000     1.020031
   -4.986000     1.021658
   -4.976000     1.024207
   -4.966000     1.029373
   -4.956000     1.035729
   -4.946000     1.043625
   -4.936000     1.053403
   -4.926000     1.065996
   -4.916000     1.079131
   -4.906000     1.094414
   -4.896000     1.110541
   -4.886000     1.130616
   -4.876000     1.149242
   -4.866000     1.171772
   -4.856000     1.196438
   -4.846000     1.221800
   -4.836000     1.249168
   -4.826000     1.277420
   -4.816000     1.307517
   -4.806000     1.339395
   -4.796000     1.372237
   -4.786000     1.406850
   -4.776000     1.443355
   -4.766000     1.481174
   -4.756000     1.520219
   -4.746000     1.560350
   -4.736000     1.601597
   -4.726000     1.644543
   -4.716000     1.687800
   -4.706000     1.732677
   -4.696000     1.776261
   -4.686000     1.823255
   -4.676000     1.873269
   -4.666000     1.921695
   -4.656000     1.971343
   -4.646000     2.024104
   -4.636000     2.066867
   -4.626000     2.118263
   -4.616000     2.172963
   -4.606000     2.228098
   -4.596000     2.274665
   -4.586000     2.331339
   -4.576000     2.377134
   -4.566000     2.436571
   -4.556000     2.482946
   -4.546000     2.542536
   -4.536000     2.592664
   -4.526000     2.643043
   -4.516000     2.694145
   -4.506000     2.744709
   -4.496000     2.797015
   -4.486000     2.847454
   -4.476000     2.900768
   -4.466000     2.952527
   -4.456000     3.005544
   -4.446000     3.048336
   -4.436000     3.101287
   -4.426000     3.145317
   -4.416000     3.198513
   -4.406000     3.241706
   -4.396000     3.286166
   -4.386000     3.327735
   -4.376000     3.371502
   -4.366000     3.416446
   -4.356000     3.457368
   -4.346000     3.491459
   -4.336000     3.533857
   -4.326000     3.577324
   -4.316000     3.609087
   -4.306000     3.642001
   -4.296000     3.683291
   -4.286000     3.715621
   -4.276000     3.746319
   -4.266000     3.775150
   -4.256000     3.807351
   -4.246000     3.835934
   -4.236000     3.865657
   -4.226000     3.892738
   -4.216000     3.911389
   -4.206000     3.939036
   -4.196000     3.957265
   -4.186000     3.983011
   -4.176000     3.997927
   -4.166000     4.023243
   -4.156000     4.037937
   -4.146000     4.052051
   -4.136000     4.064032
   -4.126000     4.084914
   -4.116000     4.098006
   -4.106000     4.107677
   -4.096000     4.117547
   -4.086000     4.128227
   -4.076000     4.134985
   -4.066000     4.144043
   -4.056000     4.148201
   -4.046000     4.154760
   -4.036000     4.159908
   -4.026000     4.163065
   -4.016000     4.166314
   -4.006000     4.167473
   -3.996000     4.169730
   -3.986000     4.168988
   -3.976000     4.169035
   -3.966000     4.166303
   -3.956000     4.164450
   -3.946000     4.161818
   -3.936000     4.157986
   -3.926000     4.154425
   -3.916000     4.148610
   -3.906000     4.143021
   -3.896000     4.137232
   -3.886000     4.129745
   -3.876000     4.123150
   -3.866000     4.113574
   -3.856000     4.107014
   -3.846000     4.097585
   -3.836000     4.087199
   -3.826000     4.076824
   -3.816000     4.065171
   -3.806000     4.054181
   -3.796000     4.044103
   -3.786000     4.031359
   -3.776000     4.018756
   -3.766000     4.004196
   -3.756000     3.990868
   -3.746000     3.976804
   -3.736000     3.962842
   -3.726000     3.946053
   -3.716000     3.930396
   -3.706000     3.911973
   -3.696000     3.898692
   -3.686000     3.880643
   -3.676000     3.862758
   -3.666000     3.843005
   -3.656000     3.824497
   -3.646000     3.806129
   -3.636000     3.784895
   -3.626000     3.763992
   -3.616000     3.742034
   -3.606000     3.721437
   -3.596000     3.699957
   -3.586000     3.675620
   -3.576000     3.653423
   -3.566000     3.628504
   -3.556000     3.604609
   -3.546000     3.577961
   -3.536000     3.551349
   -3.526000     3.524968
   -3.516000     3.496726
   -3.506000     3.468606
   -3.496000     3.440713
   -3.486000     3.410851
   -3.476000     3.380097
   -3.466000     3.348557
   -3.456000     3.316040
   -3.446000     3.283710
   -3.436000     3.252500
   -3.426000     3.216400
   -3.416000     3.183351
   -3.406000     3.147454
   -3.396000     3.111598
   -3.386000     3.073861
   -3.376000     3.037132
   -3.366000     2.998534
   -3.356000     2.958054
   -3.346000     2.919583
   -3.336000     2.878327
   -3.326000     2.836591
   -3.316000     2.796071
   -3.306000     2.752856
   -3.296000     2.709858
   -3.286000     2.666386
   -3.276000     2.621508
   -3.266000     2.576046
   -3.256000     2.531089
   -3.246000     2.485445
   -3.236000     2.439316
   -3.226000     2.393689
   -3.216000     2.345556
   -3.206000     2.298837
   -3.196000     2.248529
   -3.186000     2.201533
   -3.176000     2.152131
   -3.166000     2.102020
   -3.156000     2.056440
   -3.146000     2.006043
   -3.136000     1.956335
   -3.126000     1.906809
   -3.116000     1.857089
   -3.106000     1.809501
   -3.096000     1.758256
   -3.086000     1.709579
   -3.076000     1.661372
   -3.066000     1.610696
   -3.056000     1.562450
   -3.046000     1.515733
   -3.036000     1.465422
   -3.026000     1.417447
   -3.016000     1.369980
   -3.006000     1.321995
   -2.996000     1.274315
   -2.986000     1.228215
   -2.976000     1.181303
   -2.966000     1.135885
   -2.956000     1.092744
   -2.946000     1.046875
   -2.936000     1.003574
   -2.926000     0.960442
   -2.916000     0.918677
   -2.906000     0.876111
   -2.896000     0.835922
   -2.886000     0.795120
   -2.876000     0.756525
   -2.866000     0.717140
   -2.856000     0.678742
   -2.846000     0.642740
   -2.836000     0.606156
   -2.826000     0.570791
   -2.816000     0.536314
   -2.806000     0.502579
   -2.796000     0.470400
   -2.786000     0.438883
   -2.776000     0.408716
   -2.766000     0.379174
   -2.756000     0.349974
   -2.746000     0.322320
   -2.736000     0.295682
   -2.726000     0.269777
   -2.716000     0.244874
   -2.706000     0.220784
   -2.696000     0.197708
   -2.686000     0.175734
   -2.676000     0.154544
   -2.666000     0.134258
   -2.656000     0.115275
   -2.646000     0.096758
   -2.636000     0.079195
   -2.626000     0.062797
   -2.616000     0.047055
   -2.606000     0.032351
   -2.596000     0.018305
   -2.586000     0.005256
   -2.576000    -0.007193
   -2.566000    -0.018742
   -2.556000    -0.029518
   -2.546000    -0.039562
   -2.536000    -0.048835
   -2.526000    -0.057412
   -2.516000    -0.065142
   -2.506000    -0.072243
   -2.496000    -0.078812
   -2.486000    -0.084655
   -2.476000    -0.089985
   -2.466000    -0.094622
   -2.456000    -0.098911
   -2.446000    -0.102431
   -2.436000    -0.105499
   -2.426000    -0.107908
   -2.416000    -0.109997
   -2.406000    -0.111511
   -2.396000    -0.112664
   -2.386000    -0.113476
   -2.376000    -0.113677
   -2.366000    -0.113537
   -2.356000    -0.113164
   -2.346000    -0.112464
   -2.336000    -0.111419
   -2.326000    -0.109934
   -2.316000    -0.108316
   -2.306000    -0.106469
   -2.296000    -0.104403
   -2.286000    -0.101905
   -2.276000    -0.099286
   -2.266000    -0.096447
   -2.256000    -0.093617
   -2.246000    -0.090444
   -2.236000    -0.087175
   -2.226000    -0.083788
   -2.216000    -0.080310
   -2.206000    -0.076717
   -2.196000    -0.072924
   -2.186000    -0.069226
   -2.176000    -0.065422
   -2.166000    -0.061537
   -2.156000    -0.057571
   -2.146000    -0.053659
   -2.136000    -0.049610
   -2.126000    -0.045703
   -2.116000    -0.041621
   -2.106000    -0.037664
   -2.096000    -0.033708
   -2.086000    -0.029678
   -2.076000    -0.025836
   -2.066000    -0.022033
   -2.056000    -0.018057
   -2.046000    -0.014290
   -2.036000    -0.010460
   -2.026000    -0.006770
   -2.016000    -0.003216
   -2.006000     0.000288
   -1.996000     0.003855
   -1.986000     0.007284
   -1.976000     0.010534
   -1.966000     0.013655
   -1.956000     0.016928
   -1.946000     0.020053
   -1.936000     0.022900
   -1.926000     0.025830
   -1.916000     0.028493
   -1.906000     0.031338
   -1.896000     0.033860
   -1.886000     0.036341
   -1.876000     0.038729
   -1.866000     0.040945
   -1.856000     0.043189
   -1.846000     0.045210
   -1.836000     0.047044
   -1.826000     0.048998
   -1.816000     0.050760
   -1.806000     0.052334
   -1.796000     0.053827
   -1.786000     0.055228
   -1.776000     0.056560
   -1.766000     0.057730
   -1.756000     0.058801
   -1.746000     0.059801
   -1.736000     0.060722
   -1.726000     0.061479
   -1.716000     0.062156
   -1.706000     0.062654
   -1.696000     0.063108
   -1.686000     0.063474
   -1.676000     0.063788
   -1.666000     0.063811
   -1.656000     0.063901
   -1.646000     0.063831
   -1.636000     0.063690
   -1.626000     0.063504
   -1.616000     0.063032
   -1.606000     0.062746
   -1.596000     0.062172
   -1.586000     0.061588
   -1.576000     0.060917
   -1.566000     0.060026
   -1.556000     0.059182
   -1.546000     0.058213
   -1.536000     0.057183
   -1.526000     0.056140
   -1.516000     0.054978
   -1.506000     0.053730
   -1.496000     0.052403
   -1.486000     0.051042
   -1.476000     0.049637
   -1.466000     0.048130
   -1.456000     0.046611
   -1.446000     0.045001
   -1.436000     0.043438
   -1.426000     0.041734
   -1.416000     0.040067
   -1.406000     0.038352
   -1.396000     0.036654
   -1.386000     0.034827
   -1.376000     0.033145
   -1.366000     0.031360
   -1.356000     0.029588
   -1.346000     0.027844
   -1.336000     0.026125
   -1.326000     0.024456
   -1.316000     0.022829
   -1.306000     0.021159
   -1.296000     0.019665
   -1.286000     0.018133
   -1.276000     0.016666
   -1.266000     0.015395
   -1.256000     0.014145
   -1.246000     0.012980
   -1.236000     0.011962
   -1.226000     0.010966
   -1.216000     0.010214
   -1.206000     0.009603
   -1.196000     0.009174
   -1.186000     0.008804
   -1.176000     0.008725
   -1.166000     0.008841
   -1.156000     0.009098
   -1.146000     0.009660
   -1.136000     0.010341
   -1.126000     0.011421
   -1.116000     0.012630
   -1.106000     0.014226
   -1.096000     0.016042
   -1.086000     0.018236
   -1.076000     0.020671
   -1.066000     0.023544
   -1.056000     0.026650
   -1.046000     0.030214
   -1.036000     0.034084
   -1.026000     0.038413
   -1.016000     0.043187
   -1.006000     0.048283
   -0.996000     0.053932
   -0.986000     0.059918
   -0.976000     0.066456
   -0.966000     0.073516
   -0.956000     0.081015
   -0.946000     0.088941
   -0.936000     0.097536
   -0.926000     0.106622
   -0.916000     0.116118
   -0.906000     0.126406
   -0.896000     0.136992
   -0.886000     0.148360
   -0.876000     0.160207
   -0.866000     0.172664
   -0.856000     0.185702
   -0.846000     0.199373
   -0.836000     0.213610
   -0.826000     0.228560
   -0.816000     0.244049
   -0.806000     0.260370
   -0.796000     0.276930
   -0.786000     0.294421
   -0.776000     0.312452
   -0.766000     0.331059
   -0.756000     0.350463
   -0.746000     0.370281
   -0.736000     0.390800
   -0.726000     0.411840
   -0.716000     0.433793
   -0.706000     0.456335
   -0.696000     0.479301
   -0.686000     0.502268
   -0.676000     0.526236
   -0.666000     0.550528
   -0.656000     0.575931
   -0.646000     0.601846
   -0.636000     0.628057
   -0.626000     0.655494
   -0.616000     0.681123
   -0.606000     0.709183
   -0.596000     0.737142
   -0.586000     0.765122
   -0.576000     0.793994
   -0.566000     0.822784
   -0.556000     0.852407
   -0.546000     0.882710
   -0.536000     0.912243
   -0.526000     0.940790
   -0.516000     0.972341
   -0.506000     1.003999
   -0.496000     1.032571
   -0.486000     1.064358
   -0.476000     1.094859
   -0.466000     1.125355
   -0.456000     1.156785
   -0.446000     1.186419
   -0.436000     1.217867
   -0.426000     1.247318
   -0.416000     1.277774
   -0.406000     1.308254
   -0.396000     1.337747
   -0.386000     1.367244
   -0.376000     1.395744
   -0.366000     1.424068
   -0.356000     1.452594
   -0.346000     1.482943
   -0.336000     1.510287
   -0.326000     1.535633
   -0.316000     1.562002
   -0.306000     1.588194
   -0.296000     1.613568
   -0.286000     1.636765
   -0.276000     1.660885
   -0.266000     1.685083
   -0.256000     1.707101
   -0.246000     1.728120
   -0.236000     1.750160
   -0.226000     1.769200
   -0.216000     1.788040
   -0.206000     1.804990
   -0.196000     1.821641
   -0.186000     1.839402
   -0.176000     1.853084
   -0.166000     1.867756
   -0.156000     1.880328
   -0.146000     1.891810
   -0.136000     1.903284
   -0.126000     1.913666
   -0.116000     1.922858
   -0.106000     1.930042
   -0.096000     1.936225
   -0.086000     1.941209
   -0.076000     1.946292
   -0.066000     1.949206
   -0.056000     1.951100
   -0.046000     1.951783
   -0.036000     1.950576
   -0.026000     1.951059
   -0.016000     1.946652
   -0.006000     1.943120
    0.004000     1.937502
    0.014000     1.933780
    0.024000     1.925844
    0.034000     1.917114
    0.044000     1.909091
    0.054000     1.898052
    0.064000     1.885900
    0.074000     1.873646
    0.084000     1.859406
    0.094000     1.847137
    0.104000     1.831661
    0.114000     1.815195
    0.124000     1.797516
    0.134000     1.778833
    0.144000     1.758040
    0.154000     1.740224
    0.164000     1.720424
    0.174000     1.698413
    0.184000     1.675377
    0.194000     1.652241
    0.204000     1.629116
    0.214000     1.603869
    0.224000     1.578612
    0.234000     1.553242
    0.244000     1.528844
    0.254000     1.501413
    0.264000     1.474849
    0.274000     1.446296
    0.284000     1.417693
    0.294000     1.390085
    0.304000     1.361447
    0.314000     1.332698
    0.324000     1.303947
    0.334000     1.272283
    0.344000     1.244498
    0.354000     1.214631
    0.364000     1.182853
    0.374000     1.154060
    0.384000     1.125295
    0.394000     1.093480
    0.404000     1.063659
    0.414000     1.031818
    0.424000     1.003711
    0.434000     0.973476
    0.444000     0.943349
    0.454000     0.914224
    0.464000     0.884294
    0.474000     0.855283
    0.484000     0.826181
    0.494000     0.797980
    0.504000     0.769793
    0.514000     0.740850
    0.524000     0.713423
    0.534000     0.686910
    0.544000     0.660840
    0.554000     0.635017
    0.564000     0.609544
    0.574000     0.585184
    0.584000     0.560210
    0.594000     0.536927
    0.604000     0.514418
    0.614000     0.491610
    0.624000     0.470393
    0.634000     0.449977
    0.644000     0.430043
    0.654000     0.411028
    0.664000     0.392600
    0.674000     0.375064
    0.684000     0.358141
    0.694000     0.342100
    0.704000     0.328004
    0.714000     0.314671
    0.724000     0.301043
    0.734000     0.289724
    0.744000     0.279098
    0.754000     0.269301
    0.764000     0.261687
    0.774000     0.253902
    0.784000     0.247712
    0.794000     0.242726
    0.804000     0.238847
    0.814000     0.236277
    0.824000     0.235069
    0.834000     0.234887
    0.844000     0.236158
    0.854000     0.238768
    0.864000     0.242442
    0.874000     0.247562
    0.884000     0.254290
    0.894000     0.262053
    0.904000     0.271322
    0.914000     0.282199
    0.924000     0.294372
    0.934000     0.307811
    0.944000     0.322468
    0.954000     0.338940
    0.964000     0.356850
    0.974000     0.376187
    0.984000     0.397089
    0.994000     0.419539
    1.004000     0.443432
    1.014000     0.468969
    1.024000     0.495775
    1.034000     0.523334
    1.044000     0.553464
    1.054000     0.584279
    1.064000     0.617017
    1.074000     0.651566
    1.084000     0.685824
    1.094000     0.724051
    1.104000     0.763086
    1.114000     0.801663
    1.124000     0.844069
    1.134000     0.886104
    1.144000     0.928802
    1.154000     0.975273
    1.164000     1.021437
    1.174000     1.068880
    1.184000     1.118442
    1.194000     1.169515
    1.204000     1.220108
    1.214000     1.273570
    1.224000     1.326563
    1.234000     1.381426
    1.244000     1.437009
    1.254000     1.493102
    1.264000     1.552035
    1.274000     1.609389
    1.284000     1.668644
    1.294000     1.728659
    1.304000     1.790885
    1.314000     1.850262
    1.324000     1.913181
    1.334000     1.977120
    1.344000     2.038390
    1.354000     2.102916
    1.364000     2.166812
    1.374000     2.231825
    1.384000     2.295627
    1.394000     2.359969
    1.404000     2.424478
    1.414000     2.489055
    1.424000     2.554890
    1.434000     2.617812
    1.444000     2.682903
    1.454000     2.747086
    1.464000     2.809549
    1.474000     2.873780
    1.484000     2.938334
    1.494000     3.000963
    1.504000     3.064057
    1.514000     3.124114
    1.524000     3.184365
    1.534000     3.245781
    1.544000     3.303404
    1.554000     3.361559
    1.564000     3.417550
    1.574000     3.473937
    1.584000     3.528670
    1.594000     3.582570
    1.604000     3.635637
    1.614000     3.686006
    1.624000     3.737867
    1.634000     3.786319
    1.644000     3.833933
    1.654000     3.878817
    1.664000     3.921932
    1.674000     3.966533
    1.684000     4.007301
    1.694000     4.046557
    1.704000     4.082975
    1.714000     4.120910
    1.724000     4.155030
    1.734000     4.186500
    1.744000     4.216400
    1.754000     4.246720
    1.764000     4.273230
    1.774000     4.299240
    1.784000     4.321500
    1.794000     4.343240
    1.804000     4.363210
    1.814000     4.381660
    1.824000     4.397360
    1.834000     4.408400
    1.844000     4.423000
    1.854000     4.432880
    1.864000     4.440070
    1.874000     4.445470
    1.884000     4.450300
    1.894000     4.453340
    1.904000     4.454080
    1.914000     4.452760
    1.924000     4.452030
    1.934000     4.447530
    1.944000     4.440020
    1.954000     4.433140
    1.964000     4.422660
    1.974000     4.411100
    1.984000     4.398960
    1.994000     4.383710
    2.004000     4.364810
    2.014000     4.350610
    2.024000     4.331220
    2.034000     4.309920
    2.044000     4.290040
    2.054000     4.265060
    2.064000     4.241170
    2.074000     4.218400
    2.084000     4.190530
    2.094000     4.161960
    2.104000     4.133290
    2.114000     4.103520
    2.124000     4.072970
    2.134000     4.040500
    2.144000     4.009050
    2.154000     3.977590
    2.164000     3.942050
    2.174000     3.904710
    2.184000     3.870370
    2.194000     3.832830
    2.204000     3.795990
    2.214000     3.758170
    2.224000     3.719050
    2.234000     3.683110
    2.244000     3.645100
    2.254000     3.605780
    2.264000     3.564460
    2.274000     3.526560
    2.284000     3.484550
    2.294000     3.442640
    2.304000     3.403850
    2.314000     3.364950
    2.324000     3.323160
    2.334000     3.282570
    2.344000     3.242670
    2.354000     3.199490
    2.364000     3.158900
    2.374000     3.120630
    2.384000     3.079250
    2.394000     3.038470
    2.404000     2.997190
    2.414000     2.957320
    2.424000     2.919760
    2.434000     2.878280
    2.444000     2.836620
    2.454000     2.797950
    2.464000     2.759780
    2.474000     2.720030
    2.484000     2.681460
    2.494000     2.645300
    2.504000     2.608440
    2.514000     2.569780
    2.524000     2.533410
    2.534000     2.496250
    2.544000     2.461690
    2.554000     2.425830
    2.564000     2.387760
    2.574000     2.353300
    2.584000     2.320120
    2.594000     2.283260
    2.604000     2.249980
    2.614000     2.216110
    2.624000     2.183730
    2.634000     2.151760
    2.644000     2.119310
    2.654000     2.086750
    2.664000     2.056180
    2.674000     2.024110
    2.684000     1.994840
    2.694000     1.964310
    2.704000     1.934350
    2.714000     1.904970
    2.724000     1.876170
    2.734000     1.848250
    2.744000     1.819080
    2.754000     1.792470
    2.764000     1.762540
    2.774000     1.737340
    2.784000     1.710880
    2.794000     1.682070
    2.804000     1.657700
    2.814000     1.631270
    2.824000     1.604160
    2.834000     1.580780
    2.844000     1.556120
    2.854000     1.530580
    2.864000     1.506690
    2.874000     1.482050
    2.884000     1.457100
    2.894000     1.433850
    2.904000     1.409400
    2.914000     1.388940
    2.924000     1.365490
    2.934000     1.342420
    2.944000     1.320660
    2.954000     1.298280
    2.964000     1.276110
    2.974000     1.253340
    2.984000     1.231580
    2.994000     1.211080
    3.004000     1.188840
    3.014000     1.168650
    3.024000     1.147000
    3.034000     1.126470
    3.044000     1.105690
    3.054000     1.085100
    3.064000     1.064740
    3.074000     1.045250
    3.084000     1.023980
    3.094000     1.004330
    3.104000     0.984900
    3.114000     0.965440
    3.124000     0.945000
    3.134000     0.927000
    3.144000     0.906600
    3.154000     0.887410
    3.164000     0.868010
    3.174000     0.849890
    3.184000     0.831150
    3.194000     0.812160
    3.204000     0.794160
    3.214000     0.776510
    3.224000     0.757860
    3.234000     0.739370
    3.244000     0.721200
    3.254000     0.703280
    3.264000     0.685550
    3.274000     0.668040
    3.284000     0.650630
    3.294000     0.633350
    3.304000     0.615950
    3.314000     0.598640
    3.324000     0.582150
    3.334000     0.565110
    3.344000     0.548440
    3.354000     0.532150
    3.364000     0.516000
    3.374000     0.499740
    3.384000     0.483870
    3.394000     0.467960
    3.404000     0.452240
    3.414000     0.437100
    3.424000     0.421730
    3.434000     0.406530
    3.444000     0.391880
    3.454000     0.377180
    3.464000     0.362900
    3.474000     0.348540
    3.484000     0.334600
    3.494000     0.320930
    3.504000     0.307460
    3.514000     0.294120
    3.524000     0.281090
    3.534000     0.268250
    3.544000     0.255730
    3.554000     0.243310
    3.564000     0.231180
    3.574000     0.219327
    3.584000     0.207712
    3.594000     0.196614
    3.604000     0.185332
    3.614000     0.174641
    3.624000     0.164044
    3.634000     0.153919
    3.644000     0.143866
    3.654000     0.134118
    3.664000     0.124686
    3.674000     0.115418
    3.684000     0.106470
    3.694000     0.097863
    3.704000     0.089498
    3.714000     0.081388
    3.724000     0.073704
    3.734000     0.066065
    3.744000     0.058766
    3.754000     0.051667
    3.764000     0.044916
    3.774000     0.038435
    3.784000     0.032268
    3.794000     0.026201
    3.804000     0.020464
    3.814000     0.015047
    3.824000     0.009789
    3.834000     0.004853
    3.844000     0.000105
    3.854000    -0.004384
    3.864000    -0.008641
    3.874000    -0.012678
    3.884000    -0.016487
    3.894000    -0.020073
    3.904000    -0.023440
    3.914000    -0.026595
    3.924000    -0.029544
    3.934000    -0.032301
    3.944000    -0.034839
    3.954000    -0.037209
    3.964000    -0.039384
    3.974000    -0.041395
    3.984000    -0.043212
    3.994000    -0.044864
    4.004000    -0.046360
    4.014000    -0.047713
    4.024000    -0.048882
    4.034000    -0.049909
    4.044000    -0.050823
    4.054000    -0.051577
    4.064000    -0.052200
    4.074000    -0.052712
    4.084000    -0.053115
    4.094000    -0.053383
    4.104000    -0.053540
    4.114000    -0.053641
    4.124000    -0.053611
    4.134000    -0.053498
    4.144000    -0.053303
    4.154000    -0.053014
    4.164000    -0.052644
    4.174000    -0.052221
    4.184000    -0.051746
    4.194000    -0.051178
    4.204000    -0.050601
    4.214000    -0.049930
    4.224000    -0.049209
    4.234000    -0.048455
    4.244000    -0.047660
    4.254000    -0.046845
    4.264000    -0.045977
    4.274000    -0.045078
    4.284000    -0.044164
    4.294000    -0.043246
    4.304000    -0.042267
    4.314000    -0.041315
    4.324000    -0.040320
    4.334000    -0.039314
    4.344000    -0.038311
    4.354000    -0.037302
    4.364000    -0.036293
    4.374000    -0.035273
    4.384000    -0.034274
    4.394000    -0.033268
    4.404000    -0.032268
    4.414000    -0.031260
    4.424000    -0.030262
    4.434000    -0.029316
    4.444000    -0.028346
    4.454000    -0.027397
    4.464000    -0.026444
    4.474000    -0.025516
    4.484000    -0.024616
    4.494000    -0.023714
    4.504000    -0.022840
    4.514000    -0.021980
    4.524000    -0.021145
    4.534000    -0.020320
    4.544000    -0.019526
    4.554000    -0.018736
    4.564000    -0.017983
    4.574000    -0.017237
    4.584000    -0.016512
    4.594000    -0.015808
    4.604000    -0.015137
    4.614000    -0.014482
    4.624000    -0.013838
    4.634000    -0.013224
    4.644000    -0.012610
    4.654000    -0.012036
    4.664000    -0.011477
    4.674000    -0.010943
    4.684000    -0.010412
    4.694000    -0.009918
    4.704000    -0.009436
    4.714000    -0.008979
    4.724000    -0.008525
    4.734000    -0.008104
    4.744000    -0.007687
    4.754000    -0.007295
    4.764000    -0.006920
    4.774000    -0.006555
    4.784000    -0.006212
    4.794000    -0.005879
    4.804000    -0.005560
    4.814000    -0.005258
    4.824000    -0.004969
    4.834000    -0.004694
    4.844000    -0.004431
    4.854000    -0.004182
    4.864000    -0.003945
    4.874000    -0.003718
    4.884000    -0.003501
    4.894000    -0.003299
    4.904000    -0.003104
    4.914000    -0.002918
    4.924000    -0.002746
    4.934000    -0.002579
    4.944000    -0.002423
    4.954000    -0.002273
    4.964000    -0.002133
    4.974000    -0.002000
    4.984000    -0.001874
    4.994000    -0.001757
    5.004000    -0.001644
    5.014000    -0.001539
    5.024000    -0.001440
    5.034000    -0.001344
    5.044000    -0.001256
    5.054000    -0.001173
    5.064000    -0.001096
    5.074000    -0.001023
    5.084000    -0.000953
    5.094000    -0.000889
    5.104000    -0.000827
    5.114000    -0.000770
    5.124000    -0.000717
    5.134000    -0.000667
    5.144000    -0.000620
    5.154000    -0.000576
    5.164000    -0.000535
    5.174000    -0.000497
    5.184000    -0.000461
    5.194000    -0.000427
    5.204000    -0.000396
    5.214000    -0.000367
    5.224000    -0.000340
    5.234000    -0.000315
    5.244000    -0.000291
    5.254000    -0.000269
    5.264000    -0.000249
    5.274000    -0.000230
    5.284000    -0.000212
    5.294000    -0.000196
