# Energy    Summed_PDOS
  -27.116000    -0.000497
  -27.106000    -0.000536
  -27.096000    -0.000579
  -27.086000    -0.000624
  -27.076000    -0.000672
  -27.066000    -0.000724
  -27.056000    -0.000779
  -27.046000    -0.000838
  -27.036000    -0.000901
  -27.026000    -0.000969
  -27.016000    -0.001041
  -27.006000    -0.001118
  -26.996000    -0.001198
  -26.986000    -0.001283
  -26.976000    -0.001380
  -26.966000    -0.001478
  -26.956000    -0.001577
  -26.946000    -0.001687
  -26.936000    -0.001808
  -26.926000    -0.001931
  -26.916000    -0.002065
  -26.906000    -0.002210
  -26.896000    -0.002357
  -26.886000    -0.002515
  -26.876000    -0.002676
  -26.866000    -0.002857
  -26.856000    -0.003041
  -26.846000    -0.003236
  -26.836000    -0.003444
  -26.826000    -0.003653
  -26.816000    -0.003884
  -26.806000    -0.004128
  -26.796000    -0.004374
  -26.786000    -0.004642
  -26.776000    -0.004923
  -26.766000    -0.005216
  -26.756000    -0.005520
  -26.746000    -0.005840
  -26.736000    -0.006180
  -26.726000    -0.006530
  -26.716000    -0.006900
  -26.706000    -0.007280
  -26.696000    -0.007680
  -26.686000    -0.008100
  -26.676000    -0.008540
  -26.666000    -0.008990
  -26.656000    -0.009470
  -26.646000    -0.009950
  -26.636000    -0.010470
  -26.626000    -0.010990
  -26.616000    -0.011530
  -26.606000    -0.012100
  -26.596000    -0.012700
  -26.586000    -0.013310
  -26.576000    -0.013920
  -26.566000    -0.014540
  -26.556000    -0.015260
  -26.546000    -0.015880
  -26.536000    -0.016610
  -26.526000    -0.017340
  -26.516000    -0.018080
  -26.506000    -0.018810
  -26.496000    -0.019650
  -26.486000    -0.020400
  -26.476000    -0.021240
  -26.466000    -0.021990
  -26.456000    -0.022850
  -26.446000    -0.023700
  -26.436000    -0.024560
  -26.426000    -0.025410
  -26.416000    -0.026370
  -26.406000    -0.027240
  -26.396000    -0.028100
  -26.386000    -0.029060
  -26.376000    -0.029920
  -26.366000    -0.030790
  -26.356000    -0.031750
  -26.346000    -0.032610
  -26.336000    -0.033470
  -26.326000    -0.034330
  -26.316000    -0.035190
  -26.306000    -0.036040
  -26.296000    -0.036890
  -26.286000    -0.037740
  -26.276000    -0.038480
  -26.266000    -0.039210
  -26.256000    -0.039940
  -26.246000    -0.040660
  -26.236000    -0.041280
  -26.226000    -0.041780
  -26.216000    -0.042380
  -26.206000    -0.042860
  -26.196000    -0.043240
  -26.186000    -0.043600
  -26.176000    -0.043840
  -26.166000    -0.043980
  -26.156000    -0.044090
  -26.146000    -0.044090
  -26.136000    -0.043980
  -26.126000    -0.043840
  -26.116000    -0.043480
  -26.106000    -0.043010
  -26.096000    -0.042510
  -26.086000    -0.041780
  -26.076000    -0.041030
  -26.066000    -0.040060
  -26.056000    -0.038850
  -26.046000    -0.037620
  -26.036000    -0.036160
  -26.026000    -0.034560
  -26.016000    -0.032740
  -26.006000    -0.030780
  -25.996000    -0.028580
  -25.986000    -0.026150
  -25.976000    -0.023580
  -25.966000    -0.020770
  -25.956000    -0.017720
  -25.946000    -0.014530
  -25.936000    -0.010980
  -25.926000    -0.007230
  -25.916000    -0.003237
  -25.906000     0.001009
  -25.896000     0.005520
  -25.886000     0.010290
  -25.876000     0.015380
  -25.866000     0.020650
  -25.856000     0.026260
  -25.846000     0.032130
  -25.836000     0.038350
  -25.826000     0.044820
  -25.816000     0.051540
  -25.806000     0.058600
  -25.796000     0.066000
  -25.786000     0.073500
  -25.776000     0.081500
  -25.766000     0.089800
  -25.756000     0.098300
  -25.746000     0.107100
  -25.736000     0.116300
  -25.726000     0.125800
  -25.716000     0.135600
  -25.706000     0.145400
  -25.696000     0.156300
  -25.686000     0.166200
  -25.676000     0.177100
  -25.666000     0.188200
  -25.656000     0.200200
  -25.646000     0.211300
  -25.636000     0.223500
  -25.626000     0.235700
  -25.616000     0.247900
  -25.606000     0.260200
  -25.596000     0.273500
  -25.586000     0.285900
  -25.576000     0.299300
  -25.566000     0.312700
  -25.556000     0.326100
  -25.546000     0.339600
  -25.536000     0.353100
  -25.526000     0.367600
  -25.516000     0.381100
  -25.506000     0.395700
  -25.496000     0.409200
  -25.486000     0.423800
  -25.476000     0.437400
  -25.466000     0.451900
  -25.456000     0.465500
  -25.446000     0.480100
  -25.436000     0.494600
  -25.426000     0.508100
  -25.416000     0.521700
  -25.406000     0.536200
  -25.396000     0.549600
  -25.386000     0.563000
  -25.376000     0.577000
  -25.366000     0.590000
  -25.356000     0.602000
  -25.346000     0.616000
  -25.336000     0.628000
  -25.326000     0.640000
  -25.316000     0.651000
  -25.306000     0.663000
  -25.296000     0.674000
  -25.286000     0.685000
  -25.276000     0.696000
  -25.266000     0.706000
  -25.256000     0.716000
  -25.246000     0.724000
  -25.236000     0.734000
  -25.226000     0.743000
  -25.216000     0.750000
  -25.206000     0.757000
  -25.196000     0.765000
  -25.186000     0.771000
  -25.176000     0.777000
  -25.166000     0.782000
  -25.156000     0.787000
  -25.146000     0.792000
  -25.136000     0.795000
  -25.126000     0.799000
  -25.116000     0.801000
  -25.106000     0.804000
  -25.096000     0.805000
  -25.086000     0.806000
  -25.076000     0.806000
  -25.066000     0.806000
  -25.056000     0.805000
  -25.046000     0.804000
  -25.036000     0.801000
  -25.026000     0.799000
  -25.016000     0.796000
  -25.006000     0.793000
  -24.996000     0.788000
  -24.986000     0.783000
  -24.976000     0.778000
  -24.966000     0.772000
  -24.956000     0.766000
  -24.946000     0.759000
  -24.936000     0.751000
  -24.926000     0.744000
  -24.916000     0.735000
  -24.906000     0.727000
  -24.896000     0.717000
  -24.886000     0.707000
  -24.876000     0.697000
  -24.866000     0.687000
  -24.856000     0.677000
  -24.846000     0.665000
  -24.836000     0.654000
  -24.826000     0.641000
  -24.816000     0.629000
  -24.806000     0.617000
  -24.796000     0.605000
  -24.786000     0.591000
  -24.776000     0.579000
  -24.766000     0.565000
  -24.756000     0.552000
  -24.746000     0.538600
  -24.736000     0.524100
  -24.726000     0.510600
  -24.716000     0.497000
  -24.706000     0.482500
  -24.696000     0.467900
  -24.686000     0.454400
  -24.676000     0.439800
  -24.666000     0.426200
  -24.656000     0.411700
  -24.646000     0.398100
  -24.636000     0.383600
  -24.626000     0.370000
  -24.616000     0.355500
  -24.606000     0.342000
  -24.596000     0.328600
  -24.586000     0.315100
  -24.576000     0.301700
  -24.566000     0.288300
  -24.556000     0.274900
  -24.546000     0.262600
  -24.536000     0.250300
  -24.526000     0.237100
  -24.516000     0.225900
  -24.506000     0.213700
  -24.496000     0.201600
  -24.486000     0.190500
  -24.476000     0.179500
  -24.466000     0.168500
  -24.456000     0.157600
  -24.446000     0.147700
  -24.436000     0.136900
  -24.426000     0.127100
  -24.416000     0.117900
  -24.406000     0.108700
  -24.396000     0.099800
  -24.386000     0.091200
  -24.376000     0.082900
  -24.366000     0.074900
  -24.356000     0.067200
  -24.346000     0.059800
  -24.336000     0.052760
  -24.326000     0.045920
  -24.316000     0.039440
  -24.306000     0.033210
  -24.296000     0.027240
  -24.286000     0.021610
  -24.276000     0.016240
  -24.266000     0.011130
  -24.256000     0.006310
  -24.246000     0.001759
  -24.236000    -0.002529
  -24.226000    -0.006570
  -24.216000    -0.010360
  -24.206000    -0.013920
  -24.196000    -0.017220
  -24.186000    -0.020280
  -24.176000    -0.023090
  -24.166000    -0.025770
  -24.156000    -0.028210
  -24.146000    -0.030410
  -24.136000    -0.032380
  -24.126000    -0.034210
  -24.116000    -0.035910
  -24.106000    -0.037380
  -24.096000    -0.038720
  -24.086000    -0.039820
  -24.076000    -0.040800
  -24.066000    -0.041660
  -24.056000    -0.042390
  -24.046000    -0.042990
  -24.036000    -0.043370
  -24.026000    -0.043730
  -24.016000    -0.043970
  -24.006000    -0.044090
  -23.996000    -0.044100
  -23.986000    -0.043980
  -23.976000    -0.043850
  -23.966000    -0.043610
  -23.956000    -0.043250
  -23.946000    -0.042880
  -23.936000    -0.042390
  -23.926000    -0.041900
  -23.916000    -0.041400
  -23.906000    -0.040680
  -23.896000    -0.040060
  -23.886000    -0.039340
  -23.876000    -0.038600
  -23.866000    -0.037860
  -23.856000    -0.037020
  -23.846000    -0.036270
  -23.836000    -0.035420
  -23.826000    -0.034560
  -23.816000    -0.033600
  -23.806000    -0.032740
  -23.796000    -0.031880
  -23.786000    -0.031020
  -23.776000    -0.030050
  -23.766000    -0.029190
  -23.756000    -0.028230
  -23.746000    -0.027360
  -23.736000    -0.026500
  -23.726000    -0.025640
  -23.716000    -0.024680
  -23.706000    -0.023830
  -23.696000    -0.022970
  -23.686000    -0.022120
  -23.676000    -0.021370
  -23.666000    -0.020520
  -23.656000    -0.019780
  -23.646000    -0.018940
  -23.636000    -0.018200
  -23.626000    -0.017470
  -23.616000    -0.016730
  -23.606000    -0.016010
  -23.596000    -0.015380
  -23.586000    -0.014660
  -23.576000    -0.014040
  -23.566000    -0.013430
  -23.556000    -0.012820
  -23.546000    -0.012200
  -23.536000    -0.011630
  -23.526000    -0.011080
  -23.516000    -0.010550
  -23.506000    -0.010040
  -23.496000    -0.009540
  -23.486000    -0.009070
  -23.476000    -0.008610
  -23.466000    -0.008170
  -23.456000    -0.007760
  -23.446000    -0.007350
  -23.436000    -0.006960
  -23.426000    -0.006600
  -23.416000    -0.006240
  -23.406000    -0.005900
  -23.396000    -0.005570
  -23.386000    -0.005265
  -23.376000    -0.004971
  -23.366000    -0.004690
  -23.356000    -0.004422
  -23.346000    -0.004166
  -23.336000    -0.003922
  -23.326000    -0.003690
  -23.316000    -0.003480
  -23.306000    -0.003273
  -23.296000    -0.003067
  -23.286000    -0.002883
  -23.276000    -0.002711
  -23.266000    -0.002540
  -23.256000    -0.002382
  -23.246000    -0.002235
  -23.236000    -0.002089
  -23.226000    -0.001955
  -23.216000    -0.001832
  -23.206000    -0.001710
  -23.196000    -0.001600
  -23.186000    -0.001491
  -23.176000    -0.001393
  -23.166000    -0.001306
  -23.156000    -0.001213
  -23.146000    -0.001131
  -23.136000    -0.001053
  -23.126000    -0.000981
  -23.116000    -0.000913
  -23.106000    -0.000849
  -23.096000    -0.000789
  -23.086000    -0.000733
  -23.076000    -0.000682
  -23.066000    -0.000632
  -23.056000    -0.000587
  -23.046000    -0.000544
  -23.036000    -0.000505
  -23.026000    -0.000467
  -23.016000    -0.000433
  -23.006000    -0.000400
  -22.996000    -0.000371
  -22.986000    -0.000342
  -22.976000    -0.000317
  -22.966000    -0.000293
  -22.956000    -0.000269
  -22.946000    -0.000249
  -22.936000    -0.000230
  -22.926000    -0.000212
  -22.916000    -0.000195
  -22.906000    -0.000181
  -22.896000    -0.000166
  -22.886000    -0.000153
  -22.876000    -0.000141
  -22.866000    -0.000130
  -22.856000    -0.000120
  -22.846000    -0.000110
  -22.836000    -0.000102
  -22.826000    -0.000094
  -22.816000    -0.000087
  -22.806000    -0.000080
  -22.796000    -0.000074
  -22.786000    -0.000069
  -22.776000    -0.000064
  -22.766000    -0.000059
  -22.756000    -0.000055
  -22.746000    -0.000052
  -22.736000    -0.000049
  -22.726000    -0.000046
  -22.716000    -0.000044
  -22.706000    -0.000041
  -22.696000    -0.000040
  -22.686000    -0.000038
  -22.676000    -0.000037
  -22.666000    -0.000037
  -22.656000    -0.000036
  -22.646000    -0.000036
  -22.636000    -0.000036
  -22.626000    -0.000037
  -22.616000    -0.000037
  -22.606000    -0.000039
  -22.596000    -0.000040
  -22.586000    -0.000042
  -22.576000    -0.000044
  -22.566000    -0.000046
  -22.556000    -0.000049
  -22.546000    -0.000052
  -22.536000    -0.000055
  -22.526000    -0.000059
  -22.516000    -0.000064
  -22.506000    -0.000068
  -22.496000    -0.000074
  -22.486000    -0.000080
  -22.476000    -0.000086
  -22.466000    -0.000093
  -22.456000    -0.000100
  -22.446000    -0.000108
  -22.436000    -0.000117
  -22.426000    -0.000126
  -22.416000    -0.000137
  -22.406000    -0.000148
  -22.396000    -0.000161
  -22.386000    -0.000173
  -22.376000    -0.000187
  -22.366000    -0.000202
  -22.356000    -0.000219
  -22.346000    -0.000237
  -22.336000    -0.000255
  -22.326000    -0.000275
  -22.316000    -0.000297
  -22.306000    -0.000320
  -22.296000    -0.000344
  -22.286000    -0.000371
  -22.276000    -0.000399
  -22.266000    -0.000431
  -22.256000    -0.000462
  -22.246000    -0.000497
  -22.236000    -0.000534
  -22.226000    -0.000573
  -22.216000    -0.000616
  -22.206000    -0.000661
  -22.196000    -0.000708
  -22.186000    -0.000760
  -22.176000    -0.000814
  -22.166000    -0.000871
  -22.156000    -0.000932
  -22.146000    -0.000996
  -22.136000    -0.001064
  -22.126000    -0.001135
  -22.116000    -0.001214
  -22.106000    -0.001293
  -22.096000    -0.001382
  -22.086000    -0.001472
  -22.076000    -0.001573
  -22.066000    -0.001674
  -22.056000    -0.001776
  -22.046000    -0.001888
  -22.036000    -0.002011
  -22.026000    -0.002135
  -22.016000    -0.002270
  -22.006000    -0.002405
  -21.996000    -0.002551
  -21.986000    -0.002708
  -21.976000    -0.002865
  -21.966000    -0.003034
  -21.956000    -0.003203
  -21.946000    -0.003394
  -21.936000    -0.003585
  -21.926000    -0.003787
  -21.916000    -0.003990
  -21.906000    -0.004214
  -21.896000    -0.004439
  -21.886000    -0.004676
  -21.876000    -0.004923
  -21.866000    -0.005181
  -21.856000    -0.005451
  -21.846000    -0.005731
  -21.836000    -0.006023
  -21.826000    -0.006316
  -21.816000    -0.006630
  -21.806000    -0.006945
  -21.796000    -0.007272
  -21.786000    -0.007619
  -21.776000    -0.007968
  -21.766000    -0.008328
  -21.756000    -0.008699
  -21.746000    -0.009080
  -21.736000    -0.009470
  -21.726000    -0.009880
  -21.716000    -0.010280
  -21.706000    -0.010710
  -21.696000    -0.011140
  -21.686000    -0.011580
  -21.676000    -0.012020
  -21.666000    -0.012480
  -21.656000    -0.012930
  -21.646000    -0.013380
  -21.636000    -0.013830
  -21.626000    -0.014380
  -21.616000    -0.014840
  -21.606000    -0.015290
  -21.596000    -0.015840
  -21.586000    -0.016300
  -21.576000    -0.016750
  -21.566000    -0.017300
  -21.556000    -0.017760
  -21.546000    -0.018210
  -21.536000    -0.018660
  -21.526000    -0.019110
  -21.516000    -0.019660
  -21.506000    -0.020010
  -21.496000    -0.020460
  -21.486000    -0.020900
  -21.476000    -0.021350
  -21.466000    -0.021690
  -21.456000    -0.022030
  -21.446000    -0.022370
  -21.436000    -0.022700
  -21.426000    -0.022930
  -21.416000    -0.023160
  -21.406000    -0.023380
  -21.396000    -0.023600
  -21.386000    -0.023710
  -21.376000    -0.023820
  -21.366000    -0.023830
  -21.356000    -0.023830
  -21.346000    -0.023720
  -21.336000    -0.023610
  -21.326000    -0.023390
  -21.316000    -0.023160
  -21.306000    -0.022830
  -21.296000    -0.022490
  -21.286000    -0.022030
  -21.276000    -0.021480
  -21.266000    -0.020810
  -21.256000    -0.020130
  -21.246000    -0.019340
  -21.236000    -0.018440
  -21.226000    -0.017440
  -21.216000    -0.016320
  -21.206000    -0.015080
  -21.196000    -0.013740
  -21.186000    -0.012390
  -21.176000    -0.010790
  -21.166000    -0.009120
  -21.156000    -0.007320
  -21.146000    -0.005391
  -21.136000    -0.003337
  -21.126000    -0.001146
  -21.116000     0.001184
  -21.106000     0.003652
  -21.096000     0.006266
  -21.086000     0.009026
  -21.076000     0.011950
  -21.066000     0.014980
  -21.056000     0.018230
  -21.046000     0.021600
  -21.036000     0.025080
  -21.026000     0.028780
  -21.016000     0.032600
  -21.006000     0.036630
  -20.996000     0.040780
  -20.986000     0.045150
  -20.976000     0.049630
  -20.966000     0.054330
  -20.956000     0.059050
  -20.946000     0.064090
  -20.936000     0.069240
  -20.926000     0.074510
  -20.916000     0.079900
  -20.906000     0.085500
  -20.896000     0.091210
  -20.886000     0.097100
  -20.876000     0.103200
  -20.866000     0.109400
  -20.856000     0.115400
  -20.846000     0.122100
  -20.836000     0.128800
  -20.826000     0.135500
  -20.816000     0.142200
  -20.806000     0.149000
  -20.796000     0.155700
  -20.786000     0.163500
  -20.776000     0.170200
  -20.766000     0.178000
  -20.756000     0.184800
  -20.746000     0.192600
  -20.736000     0.199300
  -20.726000     0.207100
  -20.716000     0.214900
  -20.706000     0.222700
  -20.696000     0.229500
  -20.686000     0.237300
  -20.676000     0.245000
  -20.666000     0.252800
  -20.656000     0.260600
  -20.646000     0.267400
  -20.636000     0.275100
  -20.626000     0.282900
  -20.616000     0.289600
  -20.606000     0.297300
  -20.596000     0.304100
  -20.586000     0.311800
  -20.576000     0.318500
  -20.566000     0.325100
  -20.556000     0.331800
  -20.546000     0.338400
  -20.536000     0.345000
  -20.526000     0.350600
  -20.516000     0.357200
  -20.506000     0.362700
  -20.496000     0.368300
  -20.486000     0.373800
  -20.476000     0.379200
  -20.466000     0.384700
  -20.456000     0.389100
  -20.446000     0.393500
  -20.436000     0.397800
  -20.426000     0.402100
  -20.416000     0.406400
  -20.406000     0.409700
  -20.396000     0.412900
  -20.386000     0.416100
  -20.376000     0.418200
  -20.366000     0.420400
  -20.356000     0.422500
  -20.346000     0.424500
  -20.336000     0.426500
  -20.326000     0.427500
  -20.316000     0.428500
  -20.306000     0.428400
  -20.296000     0.429200
  -20.286000     0.429100
  -20.276000     0.428900
  -20.266000     0.427700
  -20.256000     0.426400
  -20.246000     0.425100
  -20.236000     0.423800
  -20.226000     0.421500
  -20.216000     0.419100
  -20.206000     0.416700
  -20.196000     0.414300
  -20.186000     0.410800
  -20.176000     0.407300
  -20.166000     0.403800
  -20.156000     0.400300
  -20.146000     0.395700
  -20.136000     0.391200
  -20.126000     0.386600
  -20.116000     0.382000
  -20.106000     0.377400
  -20.096000     0.371800
  -20.086000     0.366200
  -20.076000     0.360500
  -20.066000     0.354900
  -20.056000     0.348300
  -20.046000     0.342600
  -20.036000     0.336000
  -20.026000     0.329400
  -20.016000     0.322800
  -20.006000     0.316200
  -19.996000     0.309600
  -19.986000     0.303000
  -19.976000     0.295400
  -19.966000     0.288900
  -19.956000     0.281400
  -19.946000     0.274900
  -19.936000     0.267400
  -19.926000     0.260000
  -19.916000     0.252600
  -19.906000     0.246200
  -19.896000     0.238900
  -19.886000     0.231600
  -19.876000     0.224400
  -19.866000     0.218200
  -19.856000     0.211000
  -19.846000     0.203900
  -19.836000     0.197900
  -19.826000     0.190900
  -19.816000     0.185000
  -19.806000     0.178100
  -19.796000     0.172300
  -19.786000     0.165500
  -19.776000     0.159800
  -19.766000     0.154200
  -19.756000     0.148600
  -19.746000     0.143100
  -19.736000     0.137700
  -19.726000     0.132300
  -19.716000     0.128000
  -19.706000     0.123200
  -19.696000     0.118600
  -19.686000     0.114400
  -19.676000     0.110200
  -19.666000     0.106400
  -19.656000     0.102700
  -19.646000     0.099200
  -19.636000     0.096000
  -19.626000     0.092900
  -19.616000     0.090100
  -19.606000     0.087500
  -19.596000     0.085100
  -19.586000     0.082900
  -19.576000     0.081000
  -19.566000     0.079200
  -19.556000     0.077600
  -19.546000     0.076300
  -19.536000     0.075100
  -19.526000     0.074200
  -19.516000     0.073400
  -19.506000     0.072900
  -19.496000     0.072500
  -19.486000     0.072300
  -19.476000     0.072300
  -19.466000     0.072510
  -19.456000     0.072840
  -19.446000     0.073290
  -19.436000     0.073870
  -19.426000     0.074674
  -19.416000     0.075590
  -19.406000     0.076620
  -19.396000     0.077860
  -19.386000     0.079110
  -19.376000     0.080560
  -19.366000     0.082010
  -19.356000     0.083650
  -19.346000     0.085290
  -19.336000     0.087120
  -19.326000     0.088900
  -19.316000     0.091200
  -19.306000     0.092800
  -19.296000     0.094400
  -19.286000     0.097100
  -19.276000     0.098900
  -19.266000     0.100800
  -19.256000     0.102700
  -19.246000     0.105600
  -19.236000     0.107600
  -19.226000     0.109700
  -19.216000     0.111800
  -19.206000     0.113900
  -19.196000     0.116100
  -19.186000     0.117300
  -19.176000     0.119600
  -19.166000     0.121900
  -19.156000     0.123200
  -19.146000     0.125500
  -19.136000     0.126900
  -19.126000     0.129230
  -19.116000     0.130620
  -19.106000     0.132020
  -19.096000     0.133440
  -19.086000     0.134860
  -19.076000     0.136290
  -19.066000     0.137730
  -19.056000     0.138170
  -19.046000     0.139610
  -19.036000     0.140050
  -19.026000     0.141490
  -19.016000     0.141930
  -19.006000     0.142370
  -18.996000     0.142800
  -18.986000     0.143220
  -18.976000     0.143630
  -18.966000     0.143040
  -18.956000     0.143430
  -18.946000     0.142820
  -18.936000     0.143190
  -18.926000     0.142560
  -18.916000     0.141910
  -18.906000     0.141242
  -18.896000     0.140566
  -18.886000     0.139876
  -18.876000     0.139171
  -18.866000     0.137453
  -18.856000     0.136719
  -18.846000     0.134971
  -18.836000     0.134210
  -18.826000     0.132430
  -18.816000     0.130640
  -18.806000     0.129830
  -18.796000     0.128010
  -18.786000     0.126180
  -18.776000     0.124330
  -18.766000     0.121460
  -18.756000     0.119580
  -18.746000     0.117690
  -18.736000     0.115790
  -18.726000     0.112870
  -18.716000     0.110940
  -18.706000     0.109000
  -18.696000     0.106050
  -18.686000     0.104080
  -18.676000     0.101100
  -18.666000     0.098520
  -18.656000     0.095920
  -18.646000     0.093320
  -18.636000     0.090600
  -18.626000     0.087980
  -18.616000     0.085250
  -18.606000     0.082510
  -18.596000     0.079760
  -18.586000     0.077000
  -18.576000     0.074240
  -18.566000     0.071480
  -18.556000     0.068700
  -18.546000     0.066030
  -18.536000     0.063240
  -18.526000     0.060560
  -18.516000     0.057870
  -18.506000     0.055170
  -18.496000     0.052470
  -18.486000     0.049770
  -18.476000     0.047170
  -18.466000     0.044570
  -18.456000     0.041960
  -18.446000     0.039450
  -18.436000     0.036940
  -18.426000     0.034530
  -18.416000     0.032120
  -18.406000     0.029700
  -18.396000     0.027390
  -18.386000     0.025077
  -18.376000     0.022765
  -18.366000     0.020552
  -18.356000     0.018441
  -18.346000     0.016330
  -18.336000     0.014220
  -18.326000     0.012211
  -18.316000     0.010204
  -18.306000     0.008287
  -18.296000     0.006412
  -18.286000     0.004579
  -18.276000     0.002808
  -18.266000     0.001088
  -18.256000    -0.000588
  -18.246000    -0.002205
  -18.236000    -0.003779
  -18.226000    -0.005300
  -18.216000    -0.006770
  -18.206000    -0.008187
  -18.196000    -0.009552
  -18.186000    -0.010860
  -18.176000    -0.012110
  -18.166000    -0.013290
  -18.156000    -0.014470
  -18.146000    -0.015640
  -18.136000    -0.016710
  -18.126000    -0.017680
  -18.116000    -0.018640
  -18.106000    -0.019600
  -18.096000    -0.020460
  -18.086000    -0.021220
  -18.076000    -0.021970
  -18.066000    -0.022720
  -18.056000    -0.023370
  -18.046000    -0.024020
  -18.036000    -0.024560
  -18.026000    -0.025000
  -18.016000    -0.025430
  -18.006000    -0.025860
  -17.996000    -0.026190
  -17.986000    -0.026520
  -17.976000    -0.026740
  -17.966000    -0.026860
  -17.956000    -0.026970
  -17.946000    -0.027090
  -17.936000    -0.027090
  -17.926000    -0.027000
  -17.916000    -0.026900
  -17.906000    -0.026690
  -17.896000    -0.026380
  -17.886000    -0.026070
  -17.876000    -0.025650
  -17.866000    -0.025230
  -17.856000    -0.024700
  -17.846000    -0.024070
  -17.836000    -0.023330
  -17.826000    -0.022590
  -17.816000    -0.021740
  -17.806000    -0.020780
  -17.796000    -0.019720
  -17.786000    -0.018660
  -17.776000    -0.017390
  -17.766000    -0.016110
  -17.756000    -0.014730
  -17.746000    -0.013240
  -17.736000    -0.011640
  -17.726000    -0.009970
  -17.716000    -0.008170
  -17.706000    -0.006290
  -17.696000    -0.004283
  -17.686000    -0.002181
  -17.676000     0.000035
  -17.666000     0.002365
  -17.656000     0.004799
  -17.646000     0.007351
  -17.636000     0.010021
  -17.626000     0.012799
  -17.616000     0.015684
  -17.606000     0.018678
  -17.596000     0.021879
  -17.586000     0.025089
  -17.576000     0.028510
  -17.566000     0.032030
  -17.556000     0.035570
  -17.546000     0.039310
  -17.536000     0.043160
  -17.526000     0.047120
  -17.516000     0.051180
  -17.506000     0.055460
  -17.496000     0.059740
  -17.486000     0.064130
  -17.476000     0.068630
  -17.466000     0.073330
  -17.456000     0.078040
  -17.446000     0.082860
  -17.436000     0.087790
  -17.426000     0.092830
  -17.416000     0.097970
  -17.406000     0.103110
  -17.396000     0.108470
  -17.386000     0.113830
  -17.376000     0.119190
  -17.366000     0.124570
  -17.356000     0.129950
  -17.346000     0.136330
  -17.336000     0.141720
  -17.326000     0.147110
  -17.316000     0.153510
  -17.306000     0.158910
  -17.296000     0.164300
  -17.286000     0.170700
  -17.276000     0.176100
  -17.266000     0.182600
  -17.256000     0.188000
  -17.246000     0.193400
  -17.236000     0.199800
  -17.226000     0.205300
  -17.216000     0.210700
  -17.206000     0.217100
  -17.196000     0.222500
  -17.186000     0.228000
  -17.176000     0.233400
  -17.166000     0.238900
  -17.156000     0.244300
  -17.146000     0.249700
  -17.136000     0.255200
  -17.126000     0.259600
  -17.116000     0.265000
  -17.106000     0.269500
  -17.096000     0.274900
  -17.086000     0.279400
  -17.076000     0.283800
  -17.066000     0.288200
  -17.056000     0.291700
  -17.046000     0.296100
  -17.036000     0.299600
  -17.026000     0.304000
  -17.016000     0.307400
  -17.006000     0.309900
  -16.996000     0.313300
  -16.986000     0.316700
  -16.976000     0.319200
  -16.966000     0.321600
  -16.956000     0.324100
  -16.946000     0.326500
  -16.936000     0.327900
  -16.926000     0.329400
  -16.916000     0.330800
  -16.906000     0.332300
  -16.896000     0.333700
  -16.886000     0.334200
  -16.876000     0.334600
  -16.866000     0.335100
  -16.856000     0.335500
  -16.846000     0.335000
  -16.836000     0.335500
  -16.826000     0.334900
  -16.816000     0.334400
  -16.806000     0.332900
  -16.796000     0.332400
  -16.786000     0.330800
  -16.776000     0.329300
  -16.766000     0.327800
  -16.756000     0.325300
  -16.746000     0.323800
  -16.736000     0.321300
  -16.726000     0.318900
  -16.716000     0.316400
  -16.706000     0.313900
  -16.696000     0.310400
  -16.686000     0.308000
  -16.676000     0.304500
  -16.666000     0.301100
  -16.656000     0.297600
  -16.646000     0.294200
  -16.636000     0.290800
  -16.626000     0.286300
  -16.616000     0.282900
  -16.606000     0.278500
  -16.596000     0.274100
  -16.586000     0.269700
  -16.576000     0.265300
  -16.566000     0.260900
  -16.556000     0.256500
  -16.546000     0.252100
  -16.536000     0.247700
  -16.526000     0.243300
  -16.516000     0.238900
  -16.506000     0.233500
  -16.496000     0.229100
  -16.486000     0.224700
  -16.476000     0.219300
  -16.466000     0.214900
  -16.456000     0.210500
  -16.446000     0.206100
  -16.436000     0.200700
  -16.426000     0.196200
  -16.416000     0.191800
  -16.406000     0.187300
  -16.396000     0.182900
  -16.386000     0.177400
  -16.376000     0.172900
  -16.366000     0.168400
  -16.356000     0.164900
  -16.346000     0.160400
  -16.336000     0.155900
  -16.326000     0.151600
  -16.316000     0.147400
  -16.306000     0.143400
  -16.296000     0.139400
  -16.286000     0.135400
  -16.276000     0.131500
  -16.266000     0.127700
  -16.256000     0.124000
  -16.246000     0.120400
  -16.236000     0.116800
  -16.226000     0.113300
  -16.216000     0.109900
  -16.206000     0.106600
  -16.196000     0.103300
  -16.186000     0.100100
  -16.176000     0.097100
  -16.166000     0.094100
  -16.156000     0.091200
  -16.146000     0.088400
  -16.136000     0.085600
  -16.126000     0.082900
  -16.116000     0.080300
  -16.106000     0.077700
  -16.096000     0.075300
  -16.086000     0.072800
  -16.076000     0.070470
  -16.066000     0.068220
  -16.056000     0.066070
  -16.046000     0.063930
  -16.036000     0.061870
  -16.026000     0.059917
  -16.016000     0.057952
  -16.006000     0.056080
  -15.996000     0.054190
  -15.986000     0.052390
  -15.976000     0.050670
  -15.966000     0.049030
  -15.956000     0.047370
  -15.946000     0.045790
  -15.936000     0.044270
  -15.926000     0.042830
  -15.916000     0.041400
  -15.906000     0.039900
  -15.896000     0.038500
  -15.886000     0.037200
  -15.876000     0.035900
  -15.866000     0.034600
  -15.856000     0.033400
  -15.846000     0.032200
  -15.836000     0.031000
  -15.826000     0.029800
  -15.816000     0.028700
  -15.806000     0.027600
  -15.796000     0.026500
  -15.786000     0.025500
  -15.776000     0.024500
  -15.766000     0.023500
  -15.756000     0.022400
  -15.746000     0.021500
  -15.736000     0.020500
  -15.726000     0.019600
  -15.716000     0.018600
  -15.706000     0.017800
  -15.696000     0.016900
  -15.686000     0.016000
  -15.676000     0.015200
  -15.666000     0.014300
  -15.656000     0.013600
  -15.646000     0.012800
  -15.636000     0.011900
  -15.626000     0.011100
  -15.616000     0.010400
  -15.606000     0.009700
  -15.596000     0.009000
  -15.586000     0.008200
  -15.576000     0.007600
  -15.566000     0.006800
  -15.556000     0.006100
  -15.546000     0.005500
  -15.536000     0.004800
  -15.526000     0.004220
  -15.516000     0.003540
  -15.506000     0.002960
  -15.496000     0.002370
  -15.486000     0.001770
  -15.476000     0.001150
  -15.466000     0.000580
  -15.456000     0.000020
  -15.446000    -0.000520
  -15.436000    -0.001070
  -15.426000    -0.001600
  -15.416000    -0.002120
  -15.406000    -0.002620
  -15.396000    -0.003120
  -15.386000    -0.003600
  -15.376000    -0.004080
  -15.366000    -0.004540
  -15.356000    -0.005010
  -15.346000    -0.005450
  -15.336000    -0.005890
  -15.326000    -0.006326
  -15.316000    -0.006753
  -15.306000    -0.007173
  -15.296000    -0.007574
  -15.286000    -0.007977
  -15.276000    -0.008370
  -15.266000    -0.008770
  -15.256000    -0.009150
  -15.246000    -0.009530
  -15.236000    -0.009900
  -15.226000    -0.010260
  -15.216000    -0.010620
  -15.206000    -0.010980
  -15.196000    -0.011330
  -15.186000    -0.011680
  -15.176000    -0.012020
  -15.166000    -0.012360
  -15.156000    -0.012690
  -15.146000    -0.013020
  -15.136000    -0.013340
  -15.126000    -0.013660
  -15.116000    -0.013970
  -15.106000    -0.014280
  -15.096000    -0.014590
  -15.086000    -0.014890
  -15.076000    -0.015190
  -15.066000    -0.015470
  -15.056000    -0.015760
  -15.046000    -0.016030
  -15.036000    -0.016300
  -15.026000    -0.016560
  -15.016000    -0.016850
  -15.006000    -0.017030
  -14.996000    -0.017310
  -14.986000    -0.017480
  -14.976000    -0.017750
  -14.966000    -0.017910
  -14.956000    -0.018070
  -14.946000    -0.018320
  -14.936000    -0.018470
  -14.926000    -0.018610
  -14.916000    -0.018650
  -14.906000    -0.018790
  -14.896000    -0.018920
  -14.886000    -0.018940
  -14.876000    -0.018960
  -14.866000    -0.018980
  -14.856000    -0.018990
  -14.846000    -0.018890
  -14.836000    -0.018790
  -14.826000    -0.018690
  -14.816000    -0.018580
  -14.806000    -0.018360
  -14.796000    -0.018140
  -14.786000    -0.017820
  -14.776000    -0.017580
  -14.766000    -0.017200
  -14.756000    -0.016790
  -14.746000    -0.016350
  -14.736000    -0.015850
  -14.726000    -0.015290
  -14.716000    -0.014680
  -14.706000    -0.014000
  -14.696000    -0.013280
  -14.686000    -0.012480
  -14.676000    -0.011630
  -14.666000    -0.010710
  -14.656000    -0.009710
  -14.646000    -0.008660
  -14.636000    -0.007520
  -14.626000    -0.006310
  -14.616000    -0.005026
  -14.606000    -0.003670
  -14.596000    -0.002230
  -14.586000    -0.000700
  -14.576000     0.000900
  -14.566000     0.002600
  -14.556000     0.004370
  -14.546000     0.006200
  -14.536000     0.008180
  -14.526000     0.010190
  -14.516000     0.012400
  -14.506000     0.014540
  -14.496000     0.016890
  -14.486000     0.019250
  -14.476000     0.021730
  -14.466000     0.024330
  -14.456000     0.027044
  -14.446000     0.029775
  -14.436000     0.032623
  -14.426000     0.035589
  -14.416000     0.038672
  -14.406000     0.041770
  -14.396000     0.044990
  -14.386000     0.048330
  -14.376000     0.051680
  -14.366000     0.055160
  -14.356000     0.058650
  -14.346000     0.062360
  -14.336000     0.065980
  -14.326000     0.069830
  -14.316000     0.073690
  -14.306000     0.077580
  -14.296000     0.081580
  -14.286000     0.085600
  -14.276000     0.089740
  -14.266000     0.093900
  -14.256000     0.098100
  -14.246000     0.102400
  -14.236000     0.106700
  -14.226000     0.111000
  -14.216000     0.115400
  -14.206000     0.120300
  -14.196000     0.124200
  -14.186000     0.129100
  -14.176000     0.133000
  -14.166000     0.138000
  -14.156000     0.142000
  -14.146000     0.147000
  -14.136000     0.151000
  -14.126000     0.156100
  -14.116000     0.160200
  -14.106000     0.165300
  -14.096000     0.169400
  -14.086000     0.173600
  -14.076000     0.178800
  -14.066000     0.183000
  -14.056000     0.187300
  -14.046000     0.191600
  -14.036000     0.195900
  -14.026000     0.200200
  -14.016000     0.204600
  -14.006000     0.209000
  -13.996000     0.212500
  -13.986000     0.217000
  -13.976000     0.220600
  -13.966000     0.225100
  -13.956000     0.228800
  -13.946000     0.232500
  -13.936000     0.236200
  -13.926000     0.240000
  -13.916000     0.243800
  -13.906000     0.247700
  -13.896000     0.250600
  -13.886000     0.254600
  -13.876000     0.257700
  -13.866000     0.260800
  -13.856000     0.264000
  -13.846000     0.267300
  -13.836000     0.270600
  -13.826000     0.274000
  -13.816000     0.276500
  -13.806000     0.279100
  -13.796000     0.282700
  -13.786000     0.285400
  -13.776000     0.287200
  -13.766000     0.290100
  -13.756000     0.293100
  -13.746000     0.295200
  -13.736000     0.298300
  -13.726000     0.301000
  -13.716000     0.303000
  -13.706000     0.305000
  -13.696000     0.307000
  -13.686000     0.310000
  -13.676000     0.312000
  -13.666000     0.314000
  -13.656000     0.316000
  -13.646000     0.318000
  -13.636000     0.320000
  -13.626000     0.322000
  -13.616000     0.325000
  -13.606000     0.327000
  -13.596000     0.329000
  -13.586000     0.331000
  -13.576000     0.333000
  -13.566000     0.335000
  -13.556000     0.337000
  -13.546000     0.340000
  -13.536000     0.342000
  -13.526000     0.344000
  -13.516000     0.346000
  -13.506000     0.348000
  -13.496000     0.350000
  -13.486000     0.353000
  -13.476000     0.355000
  -13.466000     0.357000
  -13.456000     0.360000
  -13.446000     0.362000
  -13.436000     0.365000
  -13.426000     0.367000
  -13.416000     0.370000
  -13.406000     0.372000
  -13.396000     0.375000
  -13.386000     0.377000
  -13.376000     0.380000
  -13.366000     0.382000
  -13.356000     0.384900
  -13.346000     0.387500
  -13.336000     0.390000
  -13.326000     0.392600
  -13.316000     0.395200
  -13.306000     0.397900
  -13.296000     0.400600
  -13.286000     0.403300
  -13.276000     0.405000
  -13.266000     0.407800
  -13.256000     0.410700
  -13.246000     0.412600
  -13.236000     0.415600
  -13.226000     0.417600
  -13.216000     0.419700
  -13.206000     0.421800
  -13.196000     0.424000
  -13.186000     0.426300
  -13.176000     0.428600
  -13.166000     0.430000
  -13.156000     0.431500
  -13.146000     0.434100
  -13.136000     0.435700
  -13.126000     0.436400
  -13.116000     0.438100
  -13.106000     0.439000
  -13.096000     0.439900
  -13.086000     0.440900
  -13.076000     0.441900
  -13.066000     0.442100
  -13.056000     0.443300
  -13.046000     0.443500
  -13.036000     0.442900
  -13.026000     0.443300
  -13.016000     0.442800
  -13.006000     0.442340
  -12.996000     0.441970
  -12.986000     0.440670
  -12.976000     0.439430
  -12.966000     0.438260
  -12.956000     0.437150
  -12.946000     0.435100
  -12.936000     0.433120
  -12.926000     0.431190
  -12.916000     0.428322
  -12.906000     0.426510
  -12.896000     0.423750
  -12.886000     0.420050
  -12.876000     0.417400
  -12.866000     0.413800
  -12.856000     0.410240
  -12.846000     0.405730
  -12.836000     0.402270
  -12.826000     0.397850
  -12.816000     0.393470
  -12.806000     0.388130
  -12.796000     0.383820
  -12.786000     0.378550
  -12.776000     0.373320
  -12.766000     0.368110
  -12.756000     0.361940
  -12.746000     0.356800
  -12.736000     0.350680
  -12.726000     0.344590
  -12.716000     0.338530
  -12.706000     0.331480
  -12.696000     0.325460
  -12.686000     0.318460
  -12.676000     0.312470
  -12.666000     0.305500
  -12.656000     0.298550
  -12.646000     0.291610
  -12.636000     0.284690
  -12.626000     0.276780
  -12.616000     0.269880
  -12.606000     0.262980
  -12.596000     0.255100
  -12.586000     0.248230
  -12.576000     0.240360
  -12.566000     0.233500
  -12.556000     0.225640
  -12.546000     0.218790
  -12.536000     0.210940
  -12.526000     0.203090
  -12.516000     0.196250
  -12.506000     0.188410
  -12.496000     0.181570
  -12.486000     0.174730
  -12.476000     0.166890
  -12.466000     0.160050
  -12.456000     0.153210
  -12.446000     0.146360
  -12.436000     0.139520
  -12.426000     0.132680
  -12.416000     0.125830
  -12.406000     0.118980
  -12.396000     0.113130
  -12.386000     0.106270
  -12.376000     0.100420
  -12.366000     0.094060
  -12.356000     0.088100
  -12.346000     0.082330
  -12.336000     0.076660
  -12.326000     0.071090
  -12.316000     0.065710
  -12.306000     0.060440
  -12.296000     0.055350
  -12.286000     0.050470
  -12.276000     0.045680
  -12.266000     0.041090
  -12.256000     0.036700
  -12.246000     0.032400
  -12.236000     0.028300
  -12.226000     0.024300
  -12.216000     0.020490
  -12.206000     0.016890
  -12.196000     0.013480
  -12.186000     0.010170
  -12.176000     0.007070
  -12.166000     0.004130
  -12.156000     0.001350
  -12.146000    -0.001253
  -12.136000    -0.003700
  -12.126000    -0.005990
  -12.116000    -0.008120
  -12.106000    -0.010080
  -12.096000    -0.011900
  -12.086000    -0.013530
  -12.076000    -0.015050
  -12.066000    -0.016370
  -12.056000    -0.017500
  -12.046000    -0.018620
  -12.036000    -0.019450
  -12.026000    -0.020170
  -12.016000    -0.020790
  -12.006000    -0.021310
  -11.996000    -0.021636
  -11.986000    -0.021856
  -11.976000    -0.021875
  -11.966000    -0.021793
  -11.956000    -0.021610
  -11.946000    -0.021325
  -11.936000    -0.020838
  -11.926000    -0.020350
  -11.916000    -0.019660
  -11.906000    -0.018868
  -11.896000    -0.017974
  -11.886000    -0.016978
  -11.876000    -0.015880
  -11.866000    -0.014680
  -11.856000    -0.013378
  -11.846000    -0.012073
  -11.836000    -0.010566
  -11.826000    -0.009017
  -11.816000    -0.007375
  -11.806000    -0.005651
  -11.796000    -0.003845
  -11.786000    -0.001970
  -11.776000    -0.000010
  -11.766000     0.002007
  -11.756000     0.004090
  -11.746000     0.006240
  -11.736000     0.008450
  -11.726000     0.010730
  -11.716000     0.013000
  -11.706000     0.015440
  -11.696000     0.017880
  -11.686000     0.020320
  -11.676000     0.022860
  -11.666000     0.025410
  -11.656000     0.027950
  -11.646000     0.030600
  -11.636000     0.033250
  -11.626000     0.035900
  -11.616000     0.038650
  -11.606000     0.041400
  -11.596000     0.044160
  -11.586000     0.046910
  -11.576000     0.049670
  -11.566000     0.052520
  -11.556000     0.055280
  -11.546000     0.058140
  -11.536000     0.060990
  -11.526000     0.063750
  -11.516000     0.066610
  -11.506000     0.069460
  -11.496000     0.072220
  -11.486000     0.075070
  -11.476000     0.077830
  -11.466000     0.080580
  -11.456000     0.083430
  -11.446000     0.086180
  -11.436000     0.088930
  -11.426000     0.091580
  -11.416000     0.094320
  -11.406000     0.096970
  -11.396000     0.099610
  -11.386000     0.102250
  -11.376000     0.104880
  -11.366000     0.107220
  -11.356000     0.110350
  -11.346000     0.112480
  -11.336000     0.114600
  -11.326000     0.117720
  -11.316000     0.119840
  -11.306000     0.121960
  -11.296000     0.124070
  -11.286000     0.126180
  -11.276000     0.129280
  -11.266000     0.131380
  -11.256000     0.133480
  -11.246000     0.135570
  -11.236000     0.137660
  -11.226000     0.139750
  -11.216000     0.141830
  -11.206000     0.143910
  -11.196000     0.144980
  -11.186000     0.147050
  -11.176000     0.149110
  -11.166000     0.151170
  -11.156000     0.152230
  -11.146000     0.154280
  -11.136000     0.156320
  -11.126000     0.157370
  -11.116000     0.159410
  -11.106000     0.160440
  -11.096000     0.162470
  -11.086000     0.163490
  -11.076000     0.165520
  -11.066000     0.166530
  -11.056000     0.167550
  -11.046000     0.169550
  -11.036000     0.170560
  -11.026000     0.171560
  -11.016000     0.173560
  -11.006000     0.174550
  -10.996000     0.175540
  -10.986000     0.176520
  -10.976000     0.177500
  -10.966000     0.178480
  -10.956000     0.179450
  -10.946000     0.180420
  -10.936000     0.181380
  -10.926000     0.182350
  -10.916000     0.183300
  -10.906000     0.184260
  -10.896000     0.185210
  -10.886000     0.185160
  -10.876000     0.186100
  -10.866000     0.187040
  -10.856000     0.187980
  -10.846000     0.187910
  -10.836000     0.188840
  -10.826000     0.188770
  -10.816000     0.189700
  -10.806000     0.189620
  -10.796000     0.190530
  -10.786000     0.190450
  -10.776000     0.190360
  -10.766000     0.191270
  -10.756000     0.191170
  -10.746000     0.191070
  -10.736000     0.190970
  -10.726000     0.190870
  -10.716000     0.190760
  -10.706000     0.190650
  -10.696000     0.190540
  -10.686000     0.189420
  -10.676000     0.189300
  -10.666000     0.189180
  -10.656000     0.188060
  -10.646000     0.187930
  -10.636000     0.186800
  -10.626000     0.185670
  -10.616000     0.185530
  -10.606000     0.184390
  -10.596000     0.183250
  -10.586000     0.182110
  -10.576000     0.180970
  -10.566000     0.179820
  -10.556000     0.178680
  -10.546000     0.176530
  -10.536000     0.175380
  -10.526000     0.173220
  -10.516000     0.172070
  -10.506000     0.169920
  -10.496000     0.168770
  -10.486000     0.166610
  -10.476000     0.164460
  -10.466000     0.162310
  -10.456000     0.161150
  -10.446000     0.159000
  -10.436000     0.156850
  -10.426000     0.154710
  -10.416000     0.152560
  -10.406000     0.149420
  -10.396000     0.147280
  -10.386000     0.145150
  -10.376000     0.143020
  -10.366000     0.140890
  -10.356000     0.138770
  -10.346000     0.136660
  -10.336000     0.134550
  -10.326000     0.132450
  -10.316000     0.130360
  -10.306000     0.128280
  -10.296000     0.126200
  -10.286000     0.124140
  -10.276000     0.122090
  -10.266000     0.121050
  -10.256000     0.119020
  -10.246000     0.118010
  -10.236000     0.117010
  -10.226000     0.115020
  -10.216000     0.115050
  -10.206000     0.114100
  -10.196000     0.113160
  -10.186000     0.113240
  -10.176000     0.113340
  -10.166000     0.113470
  -10.156000     0.113610
  -10.146000     0.113770
  -10.136000     0.114950
  -10.126000     0.116160
  -10.116000     0.118400
  -10.106000     0.119650
  -10.096000     0.121930
  -10.086000     0.124240
  -10.076000     0.127580
  -10.066000     0.130940
  -10.056000     0.134330
  -10.046000     0.138750
  -10.036000     0.143200
  -10.026000     0.148680
  -10.016000     0.153190
  -10.006000     0.159730
   -9.996000     0.165310
   -9.986000     0.171910
   -9.976000     0.179550
   -9.966000     0.187200
   -9.956000     0.194900
   -9.946000     0.203600
   -9.936000     0.212400
   -9.926000     0.222200
   -9.916000     0.232000
   -9.906000     0.241900
   -9.896000     0.252800
   -9.886000     0.264700
   -9.876000     0.276700
   -9.866000     0.288700
   -9.856000     0.301700
   -9.846000     0.314800
   -9.836000     0.327900
   -9.826000     0.342000
   -9.816000     0.357100
   -9.806000     0.371300
   -9.796000     0.387500
   -9.786000     0.402700
   -9.776000     0.419000
   -9.766000     0.435200
   -9.756000     0.451500
   -9.746000     0.468900
   -9.736000     0.486200
   -9.726000     0.504600
   -9.716000     0.521900
   -9.706000     0.540300
   -9.696000     0.558700
   -9.686000     0.577100
   -9.676000     0.595600
   -9.666000     0.615000
   -9.656000     0.634400
   -9.646000     0.652900
   -9.636000     0.672300
   -9.626000     0.691800
   -9.616000     0.710200
   -9.606000     0.729700
   -9.596000     0.749100
   -9.586000     0.767500
   -9.576000     0.787000
   -9.566000     0.805400
   -9.556000     0.824800
   -9.546000     0.843100
   -9.536000     0.860500
   -9.526000     0.878900
   -9.516000     0.896200
   -9.506000     0.913500
   -9.496000     0.930700
   -9.486000     0.947000
   -9.476000     0.963200
   -9.466000     0.978400
   -9.456000     0.994500
   -9.446000     1.008600
   -9.436000     1.022700
   -9.426000     1.036700
   -9.416000     1.049700
   -9.406000     1.061700
   -9.396000     1.073600
   -9.386000     1.089400
   -9.376000     1.100200
   -9.366000     1.101000
   -9.356000     1.111700
   -9.346000     1.122300
   -9.336000     1.132900
   -9.326000     1.133500
   -9.316000     1.143900
   -9.306000     1.144400
   -9.296000     1.154800
   -9.286000     1.155100
   -9.276000     1.155300
   -9.266000     1.165500
   -9.256000     1.165700
   -9.246000     1.165700
   -9.236000     1.165800
   -9.226000     1.165700
   -9.216000     1.155600
   -9.206000     1.155500
   -9.196000     1.155300
   -9.186000     1.145000
   -9.176000     1.144600
   -9.166000     1.134300
   -9.156000     1.133800
   -9.146000     1.123300
   -9.136000     1.112800
   -9.126000     1.102100
   -9.116000     1.091500
   -9.106000     1.080800
   -9.096000     1.074000
   -9.086000     1.062200
   -9.076000     1.049300
   -9.066000     1.036400
   -9.056000     1.022500
   -9.046000     1.008500
   -9.036000     0.993400
   -9.026000     0.978400
   -9.016000     0.962200
   -9.006000     0.946100
   -8.996000     0.928900
   -8.986000     0.911700
   -8.976000     0.894500
   -8.966000     0.877200
   -8.956000     0.858900
   -8.946000     0.840600
   -8.936000     0.821200
   -8.926000     0.802900
   -8.916000     0.783500
   -8.906000     0.764100
   -8.896000     0.744700
   -8.886000     0.725300
   -8.876000     0.705900
   -8.866000     0.686500
   -8.856000     0.666000
   -8.846000     0.646600
   -8.836000     0.627200
   -8.826000     0.607700
   -8.816000     0.588300
   -8.806000     0.568900
   -8.796000     0.550500
   -8.786000     0.531100
   -8.776000     0.512700
   -8.766000     0.494300
   -8.756000     0.475900
   -8.746000     0.458600
   -8.736000     0.441200
   -8.726000     0.423900
   -8.716000     0.406600
   -8.706000     0.390400
   -8.696000     0.375100
   -8.686000     0.358900
   -8.676000     0.343700
   -8.666000     0.329500
   -8.656000     0.315400
   -8.646000     0.301300
   -8.636000     0.288200
   -8.626000     0.275100
   -8.616000     0.263100
   -8.606000     0.251100
   -8.596000     0.240200
   -8.586000     0.230200
   -8.576000     0.219400
   -8.566000     0.210500
   -8.556000     0.201700
   -8.546000     0.192900
   -8.536000     0.185100
   -8.526000     0.178400
   -8.516000     0.171700
   -8.506000     0.166100
   -8.496000     0.160500
   -8.486000     0.155890
   -8.476000     0.151350
   -8.466000     0.147840
   -8.456000     0.144370
   -8.446000     0.141920
   -8.436000     0.139520
   -8.426000     0.138140
   -8.416000     0.137800
   -8.406000     0.137490
   -8.396000     0.137210
   -8.386000     0.137960
   -8.376000     0.138740
   -8.366000     0.140550
   -8.356000     0.143390
   -8.346000     0.145260
   -8.336000     0.148160
   -8.326000     0.152080
   -8.316000     0.156030
   -8.306000     0.160000
   -8.296000     0.165000
   -8.286000     0.170020
   -8.276000     0.176060
   -8.266000     0.181130
   -8.256000     0.187220
   -8.246000     0.194320
   -8.236000     0.200450
   -8.226000     0.207590
   -8.216000     0.214750
   -8.206000     0.222930
   -8.196000     0.230120
   -8.186000     0.238330
   -8.176000     0.246550
   -8.166000     0.254790
   -8.156000     0.263040
   -8.146000     0.272290
   -8.136000     0.280560
   -8.126000     0.289840
   -8.116000     0.298130
   -8.106000     0.307420
   -8.096000     0.316720
   -8.086000     0.326030
   -8.076000     0.334340
   -8.066000     0.343660
   -8.056000     0.352980
   -8.046000     0.361300
   -8.036000     0.370600
   -8.026000     0.379000
   -8.016000     0.388300
   -8.006000     0.396600
   -7.996000     0.405000
   -7.986000     0.413300
   -7.976000     0.421600
   -7.966000     0.429000
   -7.956000     0.437300
   -7.946000     0.444600
   -7.936000     0.451900
   -7.926000     0.459200
   -7.916000     0.466600
   -7.906000     0.472900
   -7.896000     0.479200
   -7.886000     0.485500
   -7.876000     0.491800
   -7.866000     0.497100
   -7.856000     0.502400
   -7.846000     0.507700
   -7.836000     0.511900
   -7.826000     0.516200
   -7.816000     0.520500
   -7.806000     0.524700
   -7.796000     0.528000
   -7.786000     0.531200
   -7.776000     0.533500
   -7.766000     0.535700
   -7.756000     0.537900
   -7.746000     0.540200
   -7.736000     0.541400
   -7.726000     0.542600
   -7.716000     0.543800
   -7.706000     0.544000
   -7.696000     0.544200
   -7.686000     0.544400
   -7.676000     0.543600
   -7.666000     0.543800
   -7.656000     0.541900
   -7.646000     0.541100
   -7.636000     0.539300
   -7.626000     0.537400
   -7.616000     0.535600
   -7.606000     0.533700
   -7.596000     0.530900
   -7.586000     0.528000
   -7.576000     0.525200
   -7.566000     0.521300
   -7.556000     0.518400
   -7.546000     0.514600
   -7.536000     0.510700
   -7.526000     0.506800
   -7.516000     0.502900
   -7.506000     0.498000
   -7.496000     0.494200
   -7.486000     0.489300
   -7.476000     0.484400
   -7.466000     0.479500
   -7.456000     0.474600
   -7.446000     0.469700
   -7.436000     0.464800
   -7.426000     0.459900
   -7.416000     0.455000
   -7.406000     0.450100
   -7.396000     0.445200
   -7.386000     0.439300
   -7.376000     0.434400
   -7.366000     0.429500
   -7.356000     0.424600
   -7.346000     0.419700
   -7.336000     0.414800
   -7.326000     0.409800
   -7.316000     0.404900
   -7.306000     0.400000
   -7.296000     0.396100
   -7.286000     0.391200
   -7.276000     0.387200
   -7.266000     0.383300
   -7.256000     0.378400
   -7.246000     0.374400
   -7.236000     0.371500
   -7.226000     0.367500
   -7.216000     0.363600
   -7.206000     0.360600
   -7.196000     0.357700
   -7.186000     0.354700
   -7.176000     0.351700
   -7.166000     0.349800
   -7.156000     0.346800
   -7.146000     0.344800
   -7.136000     0.342800
   -7.126000     0.340800
   -7.116000     0.339800
   -7.106000     0.337800
   -7.096000     0.336800
   -7.086000     0.335800
   -7.076000     0.335700
   -7.066000     0.334700
   -7.056000     0.334600
   -7.046000     0.334600
   -7.036000     0.334500
   -7.026000     0.334400
   -7.016000     0.335300
   -7.006000     0.336200
   -6.996000     0.337100
   -6.986000     0.338000
   -6.976000     0.338900
   -6.966000     0.340800
   -6.956000     0.341600
   -6.946000     0.343500
   -6.936000     0.345300
   -6.926000     0.348100
   -6.916000     0.350000
   -6.906000     0.352800
   -6.896000     0.354600
   -6.886000     0.357400
   -6.876000     0.360100
   -6.866000     0.362900
   -6.856000     0.365700
   -6.846000     0.369400
   -6.836000     0.372200
   -6.826000     0.375900
   -6.816000     0.378600
   -6.806000     0.382300
   -6.796000     0.386000
   -6.786000     0.388700
   -6.776000     0.392400
   -6.766000     0.396100
   -6.756000     0.399800
   -6.746000     0.403400
   -6.736000     0.407100
   -6.726000     0.410800
   -6.716000     0.414400
   -6.706000     0.418000
   -6.696000     0.421700
   -6.686000     0.424300
   -6.676000     0.427900
   -6.666000     0.431600
   -6.656000     0.434200
   -6.646000     0.437800
   -6.636000     0.441400
   -6.626000     0.444000
   -6.616000     0.446600
   -6.606000     0.449200
   -6.596000     0.451800
   -6.586000     0.454400
   -6.576000     0.457000
   -6.566000     0.459600
   -6.556000     0.461200
   -6.546000     0.463900
   -6.536000     0.465500
   -6.526000     0.467100
   -6.516000     0.468700
   -6.506000     0.469300
   -6.496000     0.470910
   -6.486000     0.471520
   -6.476000     0.472150
   -6.466000     0.472770
   -6.456000     0.472410
   -6.446000     0.473040
   -6.436000     0.472680
   -6.426000     0.472330
   -6.416000     0.471980
   -6.406000     0.470640
   -6.396000     0.470310
   -6.386000     0.468980
   -6.376000     0.467660
   -6.366000     0.465350
   -6.356000     0.464040
   -6.346000     0.461750
   -6.336000     0.459460
   -6.326000     0.457180
   -6.316000     0.453910
   -6.306000     0.451640
   -6.296000     0.448390
   -6.286000     0.445140
   -6.276000     0.441910
   -6.266000     0.437680
   -6.256000     0.433470
   -6.246000     0.430260
   -6.236000     0.426060
   -6.226000     0.420870
   -6.216000     0.416700
   -6.206000     0.411530
   -6.196000     0.407370
   -6.186000     0.402220
   -6.176000     0.397080
   -6.166000     0.391958
   -6.156000     0.386840
   -6.146000     0.380733
   -6.136000     0.375636
   -6.126000     0.369549
   -6.116000     0.363471
   -6.106000     0.358404
   -6.096000     0.352347
   -6.086000     0.346299
   -6.076000     0.340262
   -6.066000     0.334233
   -6.056000     0.328215
   -6.046000     0.322205
   -6.036000     0.316205
   -6.026000     0.309215
   -6.016000     0.303233
   -6.006000     0.297260
   -5.996000     0.291296
   -5.986000     0.285340
   -5.976000     0.279393
   -5.966000     0.273454
   -5.956000     0.267523
   -5.946000     0.261600
   -5.936000     0.255685
   -5.926000     0.249778
   -5.916000     0.243877
   -5.906000     0.237984
   -5.896000     0.232100
   -5.886000     0.227220
   -5.876000     0.221340
   -5.866000     0.216480
   -5.856000     0.211620
   -5.846000     0.205760
   -5.836000     0.200910
   -5.826000     0.196070
   -5.816000     0.191230
   -5.806000     0.187390
   -5.796000     0.182560
   -5.786000     0.177740
   -5.776000     0.173920
   -5.766000     0.170100
   -5.756000     0.165280
   -5.746000     0.161470
   -5.736000     0.157670
   -5.726000     0.154860
   -5.716000     0.151060
   -5.706000     0.147260
   -5.696000     0.144470
   -5.686000     0.141670
   -5.676000     0.137880
   -5.666000     0.135090
   -5.656000     0.132300
   -5.646000     0.129510
   -5.636000     0.127720
   -5.626000     0.124940
   -5.616000     0.123150
   -5.606000     0.120370
   -5.596000     0.118590
   -5.586000     0.116800
   -5.576000     0.114020
   -5.566000     0.112240
   -5.556000     0.110460
   -5.546000     0.109680
   -5.536000     0.107690
   -5.526000     0.106110
   -5.516000     0.104730
   -5.506000     0.103350
   -5.496000     0.102070
   -5.486000     0.100790
   -5.476000     0.099610
   -5.466000     0.098430
   -5.456000     0.097350
   -5.446000     0.096280
   -5.436000     0.095300
   -5.426000     0.094300
   -5.416000     0.093300
   -5.406000     0.092400
   -5.396000     0.091500
   -5.386000     0.090600
   -5.376000     0.089800
   -5.366000     0.089000
   -5.356000     0.088100
   -5.346000     0.087300
   -5.336000     0.086500
   -5.326000     0.085800
   -5.316000     0.084900
   -5.306000     0.084200
   -5.296000     0.083400
   -5.286000     0.082600
   -5.276000     0.081900
   -5.266000     0.081000
   -5.256000     0.080300
   -5.246000     0.079500
   -5.236000     0.078800
   -5.226000     0.078000
   -5.216000     0.077300
   -5.206000     0.076500
   -5.196000     0.075800
   -5.186000     0.075100
   -5.176000     0.074300
   -5.166000     0.073600
   -5.156000     0.073000
   -5.146000     0.072200
   -5.136000     0.071600
   -5.126000     0.070900
   -5.116000     0.070300
   -5.106000     0.069800
   -5.096000     0.069200
   -5.086000     0.068700
   -5.076000     0.068200
   -5.066000     0.067800
   -5.056000     0.067400
   -5.046000     0.067000
   -5.036000     0.066700
   -5.026000     0.066500
   -5.016000     0.066400
   -5.006000     0.066200
   -4.996000     0.066200
   -4.986000     0.066300
   -4.976000     0.066400
   -4.966000     0.066600
   -4.956000     0.066900
   -4.946000     0.067300
   -4.936000     0.067800
   -4.926000     0.068500
   -4.916000     0.069100
   -4.906000     0.069900
   -4.896000     0.070900
   -4.886000     0.072000
   -4.876000     0.073100
   -4.866000     0.074400
   -4.856000     0.076000
   -4.846000     0.077500
   -4.836000     0.079300
   -4.826000     0.081200
   -4.816000     0.083200
   -4.806000     0.085500
   -4.796000     0.087700
   -4.786000     0.090300
   -4.776000     0.092900
   -4.766000     0.095700
   -4.756000     0.098700
   -4.746000     0.101900
   -4.736000     0.105200
   -4.726000     0.108700
   -4.716000     0.112400
   -4.706000     0.116100
   -4.696000     0.120200
   -4.686000     0.124300
   -4.676000     0.128700
   -4.666000     0.133200
   -4.656000     0.137900
   -4.646000     0.142700
   -4.636000     0.147700
   -4.626000     0.152800
   -4.616000     0.158400
   -4.606000     0.164000
   -4.596000     0.169700
   -4.586000     0.175300
   -4.576000     0.180800
   -4.566000     0.187400
   -4.556000     0.192900
   -4.546000     0.199400
   -4.536000     0.205900
   -4.526000     0.212400
   -4.516000     0.219800
   -4.506000     0.226200
   -4.496000     0.233600
   -4.486000     0.239900
   -4.476000     0.247200
   -4.466000     0.254500
   -4.456000     0.261800
   -4.446000     0.269000
   -4.436000     0.276200
   -4.426000     0.284300
   -4.416000     0.291500
   -4.406000     0.298500
   -4.396000     0.306600
   -4.386000     0.313600
   -4.376000     0.321600
   -4.366000     0.329600
   -4.356000     0.336500
   -4.346000     0.344400
   -4.336000     0.351200
   -4.326000     0.359000
   -4.316000     0.365800
   -4.306000     0.373600
   -4.296000     0.380300
   -4.286000     0.388000
   -4.276000     0.394700
   -4.266000     0.401300
   -4.256000     0.408900
   -4.246000     0.415500
   -4.236000     0.422000
   -4.226000     0.427500
   -4.216000     0.434000
   -4.206000     0.440400
   -4.196000     0.445900
   -4.186000     0.451300
   -4.176000     0.456700
   -4.166000     0.462100
   -4.156000     0.467400
   -4.146000     0.471700
   -4.136000     0.476000
   -4.126000     0.480300
   -4.116000     0.484600
   -4.106000     0.488900
   -4.096000     0.492100
   -4.086000     0.495300
   -4.076000     0.498600
   -4.066000     0.500800
   -4.056000     0.503000
   -4.046000     0.505200
   -4.036000     0.507400
   -4.026000     0.508500
   -4.016000     0.509700
   -4.006000     0.510900
   -3.996000     0.512100
   -3.986000     0.512300
   -3.976000     0.512400
   -3.966000     0.511600
   -3.956000     0.511800
   -3.946000     0.511000
   -3.936000     0.509200
   -3.926000     0.508400
   -3.916000     0.506600
   -3.906000     0.503800
   -3.896000     0.502000
   -3.886000     0.499300
   -3.876000     0.496500
   -3.866000     0.492800
   -3.856000     0.490000
   -3.846000     0.486300
   -3.836000     0.481600
   -3.826000     0.477900
   -3.816000     0.473200
   -3.806000     0.468600
   -3.796000     0.463900
   -3.786000     0.458300
   -3.776000     0.452700
   -3.766000     0.447100
   -3.756000     0.441500
   -3.746000     0.436000
   -3.736000     0.429400
   -3.726000     0.422900
   -3.716000     0.416400
   -3.706000     0.409900
   -3.696000     0.403400
   -3.686000     0.396000
   -3.676000     0.388500
   -3.666000     0.382100
   -3.656000     0.374700
   -3.646000     0.367300
   -3.636000     0.358900
   -3.626000     0.351600
   -3.616000     0.344200
   -3.606000     0.335900
   -3.596000     0.328600
   -3.586000     0.320300
   -3.576000     0.313000
   -3.566000     0.304800
   -3.556000     0.297500
   -3.546000     0.289300
   -3.536000     0.281000
   -3.526000     0.273800
   -3.516000     0.265600
   -3.506000     0.258400
   -3.496000     0.250300
   -3.486000     0.243100
   -3.476000     0.234900
   -3.466000     0.227800
   -3.456000     0.219600
   -3.446000     0.212500
   -3.436000     0.205400
   -3.426000     0.198300
   -3.416000     0.191200
   -3.406000     0.184100
   -3.396000     0.177000
   -3.386000     0.169900
   -3.376000     0.163800
   -3.366000     0.156700
   -3.356000     0.150600
   -3.346000     0.144500
   -3.336000     0.138500
   -3.326000     0.132400
   -3.316000     0.126300
   -3.306000     0.120200
   -3.296000     0.115200
   -3.286000     0.109400
   -3.276000     0.104000
   -3.266000     0.098900
   -3.256000     0.093900
   -3.246000     0.089000
   -3.236000     0.084300
   -3.226000     0.079700
   -3.216000     0.075300
   -3.206000     0.071100
   -3.196000     0.066900
   -3.186000     0.062900
   -3.176000     0.059100
   -3.166000     0.055300
   -3.156000     0.051900
   -3.146000     0.048400
   -3.136000     0.045180
   -3.126000     0.041980
   -3.116000     0.038990
   -3.106000     0.036090
   -3.096000     0.033380
   -3.086000     0.030780
   -3.076000     0.028270
   -3.066000     0.025860
   -3.056000     0.023640
   -3.046000     0.021420
   -3.036000     0.019400
   -3.026000     0.017480
   -3.016000     0.015670
   -3.006000     0.013940
   -2.996000     0.012320
   -2.986000     0.010790
   -2.976000     0.009350
   -2.966000     0.008006
   -2.956000     0.006750
   -2.946000     0.005570
   -2.936000     0.004470
   -2.926000     0.003450
   -2.916000     0.002500
   -2.906000     0.001610
   -2.896000     0.000810
   -2.886000     0.000060
   -2.876000    -0.000630
   -2.866000    -0.001260
   -2.856000    -0.001840
   -2.846000    -0.002360
   -2.836000    -0.002830
   -2.826000    -0.003250
   -2.816000    -0.003620
   -2.806000    -0.003950
   -2.796000    -0.004240
   -2.786000    -0.004490
   -2.776000    -0.004700
   -2.766000    -0.004890
   -2.756000    -0.005040
   -2.746000    -0.005150
   -2.736000    -0.005230
   -2.726000    -0.005290
   -2.716000    -0.005320
   -2.706000    -0.005330
   -2.696000    -0.005310
   -2.686000    -0.005270
   -2.676000    -0.005220
   -2.666000    -0.005140
   -2.656000    -0.005030
   -2.646000    -0.004910
   -2.636000    -0.004780
   -2.626000    -0.004630
   -2.616000    -0.004460
   -2.606000    -0.004280
   -2.596000    -0.004080
   -2.586000    -0.003870
   -2.576000    -0.003640
   -2.566000    -0.003410
   -2.556000    -0.003160
   -2.546000    -0.002890
   -2.536000    -0.002620
   -2.526000    -0.002340
   -2.516000    -0.002030
   -2.506000    -0.001720
   -2.496000    -0.001410
   -2.486000    -0.001060
   -2.476000    -0.000720
   -2.466000    -0.000360
   -2.456000     0.000000
   -2.446000     0.000380
   -2.436000     0.000780
   -2.426000     0.001180
   -2.416000     0.001590
   -2.406000     0.002024
   -2.396000     0.002468
   -2.386000     0.002913
   -2.376000     0.003379
   -2.366000     0.003856
   -2.356000     0.004354
   -2.346000     0.004850
   -2.336000     0.005360
   -2.326000     0.005890
   -2.316000     0.006440
   -2.306000     0.006990
   -2.296000     0.007550
   -2.286000     0.008140
   -2.276000     0.008730
   -2.266000     0.009340
   -2.256000     0.009950
   -2.246000     0.010590
   -2.236000     0.011230
   -2.226000     0.011880
   -2.216000     0.012540
   -2.206000     0.013220
   -2.196000     0.013910
   -2.186000     0.014610
   -2.176000     0.015330
   -2.166000     0.016050
   -2.156000     0.016770
   -2.146000     0.017520
   -2.136000     0.018270
   -2.126000     0.019050
   -2.116000     0.019810
   -2.106000     0.020560
   -2.096000     0.021320
   -2.086000     0.022200
   -2.076000     0.022900
   -2.066000     0.023700
   -2.056000     0.024500
   -2.046000     0.025300
   -2.036000     0.026100
   -2.026000     0.027000
   -2.016000     0.027700
   -2.006000     0.028500
   -1.996000     0.029400
   -1.986000     0.030200
   -1.976000     0.030900
   -1.966000     0.031700
   -1.956000     0.032500
   -1.946000     0.033300
   -1.936000     0.034000
   -1.926000     0.034800
   -1.916000     0.035500
   -1.906000     0.036300
   -1.896000     0.037000
   -1.886000     0.037700
   -1.876000     0.038400
   -1.866000     0.039100
   -1.856000     0.039800
   -1.846000     0.040400
   -1.836000     0.040900
   -1.826000     0.041600
   -1.816000     0.042200
   -1.806000     0.042700
   -1.796000     0.043200
   -1.786000     0.043700
   -1.776000     0.044200
   -1.766000     0.044600
   -1.756000     0.045000
   -1.746000     0.045400
   -1.736000     0.045800
   -1.726000     0.046100
   -1.716000     0.046400
   -1.706000     0.046600
   -1.696000     0.046800
   -1.686000     0.047000
   -1.676000     0.047200
   -1.666000     0.047200
   -1.656000     0.047300
   -1.646000     0.047300
   -1.636000     0.047300
   -1.626000     0.047300
   -1.616000     0.047100
   -1.606000     0.047100
   -1.596000     0.046900
   -1.586000     0.046700
   -1.576000     0.046500
   -1.566000     0.046100
   -1.556000     0.045800
   -1.546000     0.045400
   -1.536000     0.045000
   -1.526000     0.044600
   -1.516000     0.044100
   -1.506000     0.043600
   -1.496000     0.043000
   -1.486000     0.042400
   -1.476000     0.041800
   -1.466000     0.041100
   -1.456000     0.040400
   -1.446000     0.039630
   -1.436000     0.038920
   -1.426000     0.038100
   -1.416000     0.037270
   -1.406000     0.036430
   -1.396000     0.035580
   -1.386000     0.034610
   -1.376000     0.033750
   -1.366000     0.032770
   -1.356000     0.031800
   -1.346000     0.030820
   -1.336000     0.029850
   -1.326000     0.028870
   -1.316000     0.027900
   -1.306000     0.026841
   -1.296000     0.025889
   -1.286000     0.024849
   -1.276000     0.023820
   -1.266000     0.022910
   -1.256000     0.021930
   -1.246000     0.020960
   -1.236000     0.020020
   -1.226000     0.019010
   -1.216000     0.018130
   -1.206000     0.017280
   -1.196000     0.016480
   -1.186000     0.015610
   -1.176000     0.014890
   -1.166000     0.014220
   -1.156000     0.013500
   -1.146000     0.012940
   -1.136000     0.012330
   -1.126000     0.011890
   -1.116000     0.011410
   -1.106000     0.011110
   -1.096000     0.010780
   -1.086000     0.010630
   -1.076000     0.010460
   -1.066000     0.010470
   -1.056000     0.010480
   -1.046000     0.010680
   -1.036000     0.010880
   -1.026000     0.011270
   -1.016000     0.011780
   -1.006000     0.012290
   -0.996000     0.013017
   -0.986000     0.013860
   -0.976000     0.014820
   -0.966000     0.015910
   -0.956000     0.017120
   -0.946000     0.018460
   -0.936000     0.019940
   -0.926000     0.021600
   -0.916000     0.023300
   -0.906000     0.025230
   -0.896000     0.027260
   -0.886000     0.029500
   -0.876000     0.031950
   -0.866000     0.034510
   -0.856000     0.037170
   -0.846000     0.040040
   -0.836000     0.043120
   -0.826000     0.046310
   -0.816000     0.049600
   -0.806000     0.053200
   -0.796000     0.056910
   -0.786000     0.060730
   -0.776000     0.064750
   -0.766000     0.068980
   -0.756000     0.073420
   -0.746000     0.077970
   -0.736000     0.082620
   -0.726000     0.087490
   -0.716000     0.092560
   -0.706000     0.097730
   -0.696000     0.103120
   -0.686000     0.108310
   -0.676000     0.114100
   -0.666000     0.119910
   -0.656000     0.125720
   -0.646000     0.132530
   -0.636000     0.138360
   -0.626000     0.145190
   -0.616000     0.151020
   -0.606000     0.157870
   -0.596000     0.164710
   -0.586000     0.171570
   -0.576000     0.178420
   -0.566000     0.185290
   -0.556000     0.192160
   -0.546000     0.200030
   -0.536000     0.206910
   -0.526000     0.213793
   -0.516000     0.221681
   -0.506000     0.229574
   -0.496000     0.236470
   -0.486000     0.244371
   -0.476000     0.251275
   -0.466000     0.259184
   -0.456000     0.267096
   -0.446000     0.274012
   -0.436000     0.281931
   -0.426000     0.289853
   -0.416000     0.296779
   -0.406000     0.304708
   -0.396000     0.311640
   -0.386000     0.319575
   -0.376000     0.326512
   -0.366000     0.333453
   -0.356000     0.340396
   -0.346000     0.348341
   -0.336000     0.355290
   -0.326000     0.361241
   -0.316000     0.368194
   -0.306000     0.375150
   -0.296000     0.381108
   -0.286000     0.388068
   -0.276000     0.394031
   -0.266000     0.400000
   -0.256000     0.405960
   -0.246000     0.410930
   -0.236000     0.416910
   -0.226000     0.421880
   -0.216000     0.426860
   -0.206000     0.431840
   -0.196000     0.435820
   -0.186000     0.440810
   -0.176000     0.444800
   -0.166000     0.448790
   -0.156000     0.451780
   -0.146000     0.455780
   -0.136000     0.458780
   -0.126000     0.461780
   -0.116000     0.464790
   -0.106000     0.466800
   -0.096000     0.468820
   -0.086000     0.470830
   -0.076000     0.472850
   -0.066000     0.473880
   -0.056000     0.474910
   -0.046000     0.475950
   -0.036000     0.476980
   -0.026000     0.477029
   -0.016000     0.477078
   -0.006000     0.477132
    0.004000     0.476191
    0.014000     0.476256
    0.024000     0.475327
    0.034000     0.473404
    0.044000     0.472488
    0.054000     0.470577
    0.064000     0.468673
    0.074000     0.466777
    0.084000     0.463887
    0.094000     0.462004
    0.104000     0.459130
    0.114000     0.456263
    0.124000     0.452404
    0.134000     0.449553
    0.144000     0.445711
    0.154000     0.441877
    0.164000     0.438050
    0.174000     0.434240
    0.184000     0.429430
    0.194000     0.424630
    0.204000     0.420850
    0.214000     0.416070
    0.224000     0.410300
    0.234000     0.405550
    0.244000     0.400800
    0.254000     0.395070
    0.264000     0.390340
    0.274000     0.384630
    0.284000     0.378930
    0.294000     0.373240
    0.304000     0.367560
    0.314000     0.361890
    0.324000     0.356230
    0.334000     0.349590
    0.344000     0.343960
    0.354000     0.338340
    0.364000     0.331730
    0.374000     0.326130
    0.384000     0.320550
    0.394000     0.313970
    0.404000     0.308410
    0.414000     0.301860
    0.424000     0.296330
    0.434000     0.289800
    0.444000     0.284300
    0.454000     0.277800
    0.464000     0.272300
    0.474000     0.266800
    0.484000     0.260300
    0.494000     0.254900
    0.504000     0.249400
    0.514000     0.243000
    0.524000     0.237600
    0.534000     0.232200
    0.544000     0.226800
    0.554000     0.221400
    0.564000     0.216000
    0.574000     0.211600
    0.584000     0.206200
    0.594000     0.200900
    0.604000     0.196500
    0.614000     0.191200
    0.624000     0.186800
    0.634000     0.182500
    0.644000     0.178200
    0.654000     0.173900
    0.664000     0.169500
    0.674000     0.165200
    0.684000     0.160900
    0.694000     0.156600
    0.704000     0.153300
    0.714000     0.150000
    0.724000     0.145700
    0.734000     0.142500
    0.744000     0.139200
    0.754000     0.135900
    0.764000     0.133600
    0.774000     0.130200
    0.784000     0.127400
    0.794000     0.124700
    0.804000     0.122100
    0.814000     0.119600
    0.824000     0.117300
    0.834000     0.115100
    0.844000     0.113000
    0.854000     0.111100
    0.864000     0.109200
    0.874000     0.107400
    0.884000     0.105900
    0.894000     0.104400
    0.904000     0.103000
    0.914000     0.101800
    0.924000     0.100600
    0.934000     0.099500
    0.944000     0.098500
    0.954000     0.097700
    0.964000     0.097000
    0.974000     0.096400
    0.984000     0.095800
    0.994000     0.095500
    1.004000     0.095100
    1.014000     0.094900
    1.024000     0.094900
    1.034000     0.094700
    1.044000     0.094800
    1.054000     0.095000
    1.064000     0.095300
    1.074000     0.095600
    1.084000     0.096000
    1.094000     0.096500
    1.104000     0.097100
    1.114000     0.097800
    1.124000     0.098600
    1.134000     0.099400
    1.144000     0.100300
    1.154000     0.101300
    1.164000     0.102200
    1.174000     0.103400
    1.184000     0.104500
    1.194000     0.105800
    1.204000     0.107000
    1.214000     0.108400
    1.224000     0.109700
    1.234000     0.111200
    1.244000     0.112700
    1.254000     0.114200
    1.264000     0.115800
    1.274000     0.117400
    1.284000     0.119000
    1.294000     0.120700
    1.304000     0.122500
    1.314000     0.124200
    1.324000     0.126000
    1.334000     0.127800
    1.344000     0.129700
    1.354000     0.131500
    1.364000     0.133400
    1.374000     0.135300
    1.384000     0.137200
    1.394000     0.139000
    1.404000     0.141000
    1.414000     0.142900
    1.424000     0.144700
    1.434000     0.146700
    1.444000     0.148600
    1.454000     0.150500
    1.464000     0.152300
    1.474000     0.153900
    1.484000     0.156500
    1.494000     0.158100
    1.504000     0.159700
    1.514000     0.161300
    1.524000     0.162800
    1.534000     0.165300
    1.544000     0.166800
    1.554000     0.168400
    1.564000     0.169800
    1.574000     0.171300
    1.584000     0.172800
    1.594000     0.174300
    1.604000     0.175700
    1.614000     0.177100
    1.624000     0.178600
    1.634000     0.180000
    1.644000     0.181400
    1.654000     0.181800
    1.664000     0.183200
    1.674000     0.184600
    1.684000     0.185000
    1.694000     0.186400
    1.704000     0.186700
    1.714000     0.188100
    1.724000     0.188500
    1.734000     0.188800
    1.744000     0.190200
    1.754000     0.190600
    1.764000     0.190900
    1.774000     0.191300
    1.784000     0.191700
    1.794000     0.191000
    1.804000     0.191400
    1.814000     0.191800
    1.824000     0.191100
    1.834000     0.191500
    1.844000     0.190900
    1.854000     0.191300
    1.864000     0.190700
    1.874000     0.190100
    1.884000     0.189500
    1.894000     0.188900
    1.904000     0.188300
    1.914000     0.187700
    1.924000     0.187200
    1.934000     0.186600
    1.944000     0.185000
    1.954000     0.184500
    1.964000     0.183000
    1.974000     0.182400
    1.984000     0.180900
    1.994000     0.179400
    2.004000     0.177900
    2.014000     0.176500
    2.024000     0.175000
    2.034000     0.173500
    2.044000     0.172100
    2.054000     0.170700
    2.064000     0.169200
    2.074000     0.167800
    2.084000     0.165400
    2.094000     0.164100
    2.104000     0.162700
    2.114000     0.160300
    2.124000     0.159000
    2.134000     0.156700
    2.144000     0.154400
    2.154000     0.153100
    2.164000     0.150800
    2.174000     0.148500
    2.184000     0.147300
    2.194000     0.145100
    2.204000     0.142800
    2.214000     0.140600
    2.224000     0.138500
    2.234000     0.137300
    2.244000     0.135100
    2.254000     0.133000
    2.264000     0.130800
    2.274000     0.128700
    2.284000     0.126600
    2.294000     0.124600
    2.304000     0.122500
    2.314000     0.121400
    2.324000     0.119400
    2.334000     0.117400
    2.344000     0.115400
    2.354000     0.113400
    2.364000     0.111400
    2.374000     0.109700
    2.384000     0.108000
    2.394000     0.106200
    2.404000     0.104500
    2.414000     0.102900
    2.424000     0.101300
    2.434000     0.099700
    2.444000     0.098200
    2.454000     0.096600
    2.464000     0.095100
    2.474000     0.093700
    2.484000     0.092400
    2.494000     0.091100
    2.504000     0.089800
    2.514000     0.088500
    2.524000     0.087300
    2.534000     0.086100
    2.544000     0.085100
    2.554000     0.084000
    2.564000     0.083000
    2.574000     0.082000
    2.584000     0.081000
    2.594000     0.080200
    2.604000     0.079300
    2.614000     0.078500
    2.624000     0.077700
    2.634000     0.077000
    2.644000     0.076300
    2.654000     0.075600
    2.664000     0.075100
    2.674000     0.074500
    2.684000     0.073900
    2.694000     0.073400
    2.704000     0.073000
    2.714000     0.072500
    2.724000     0.072000
    2.734000     0.071700
    2.744000     0.071300
    2.754000     0.070900
    2.764000     0.070500
    2.774000     0.070300
    2.784000     0.070000
    2.794000     0.069700
    2.804000     0.069400
    2.814000     0.069200
    2.824000     0.068900
    2.834000     0.068700
    2.844000     0.068500
    2.854000     0.068300
    2.864000     0.068100
    2.874000     0.067900
    2.884000     0.067600
    2.894000     0.067500
    2.904000     0.067200
    2.914000     0.067000
    2.924000     0.066800
    2.934000     0.066600
    2.944000     0.066400
    2.954000     0.066100
    2.964000     0.065800
    2.974000     0.065600
    2.984000     0.065200
    2.994000     0.065000
    3.004000     0.064700
    3.014000     0.064300
    3.024000     0.064000
    3.034000     0.063700
    3.044000     0.063200
    3.054000     0.062900
    3.064000     0.062400
    3.074000     0.062000
    3.084000     0.061500
    3.094000     0.061000
    3.104000     0.060600
    3.114000     0.060000
    3.124000     0.059400
    3.134000     0.058900
    3.144000     0.058300
    3.154000     0.057700
    3.164000     0.057000
    3.174000     0.056300
    3.184000     0.055600
    3.194000     0.055000
    3.204000     0.054200
    3.214000     0.053500
    3.224000     0.052800
    3.234000     0.051900
    3.244000     0.051100
    3.254000     0.050300
    3.264000     0.049400
    3.274000     0.048600
    3.284000     0.047800
    3.294000     0.046900
    3.304000     0.045900
    3.314000     0.045000
    3.324000     0.044100
    3.334000     0.043100
    3.344000     0.042100
    3.354000     0.041300
    3.364000     0.040300
    3.374000     0.039300
    3.384000     0.038300
    3.394000     0.037300
    3.404000     0.036300
    3.414000     0.035400
    3.424000     0.034300
    3.434000     0.033300
    3.444000     0.032400
    3.454000     0.031400
    3.464000     0.030300
    3.474000     0.029400
    3.484000     0.028300
    3.494000     0.027400
    3.504000     0.026400
    3.514000     0.025500
    3.524000     0.024500
    3.534000     0.023550
    3.544000     0.022650
    3.554000     0.021660
    3.564000     0.020790
    3.574000     0.019820
    3.584000     0.018960
    3.594000     0.018120
    3.604000     0.017180
    3.614000     0.016350
    3.624000     0.015550
    3.634000     0.014730
    3.644000     0.013930
    3.654000     0.013140
    3.664000     0.012380
    3.674000     0.011630
    3.684000     0.010910
    3.694000     0.010190
    3.704000     0.009510
    3.714000     0.008840
    3.724000     0.008190
    3.734000     0.007550
    3.744000     0.006940
    3.754000     0.006340
    3.764000     0.005770
    3.774000     0.005218
    3.784000     0.004686
    3.794000     0.004175
    3.804000     0.003675
    3.814000     0.003206
    3.824000     0.002747
    3.834000     0.002319
    3.844000     0.001901
    3.854000     0.001502
    3.864000     0.001124
    3.874000     0.000765
    3.884000     0.000430
    3.894000     0.000100
    3.904000    -0.000200
    3.914000    -0.000489
    3.924000    -0.000765
    3.934000    -0.001013
    3.944000    -0.001253
    3.954000    -0.001474
    3.964000    -0.001687
    3.974000    -0.001883
    3.984000    -0.002060
    3.994000    -0.002220
    4.004000    -0.002373
    4.014000    -0.002508
    4.024000    -0.002637
    4.034000    -0.002748
    4.044000    -0.002853
    4.054000    -0.002942
    4.064000    -0.003024
    4.074000    -0.003090
    4.084000    -0.003150
    4.094000    -0.003200
    4.104000    -0.003240
    4.114000    -0.003270
    4.124000    -0.003300
    4.134000    -0.003310
    4.144000    -0.003320
    4.154000    -0.003320
    4.164000    -0.003320
    4.174000    -0.003310
    4.184000    -0.003290
    4.194000    -0.003270
    4.204000    -0.003240
    4.214000    -0.003210
    4.224000    -0.003170
    4.234000    -0.003130
    4.244000    -0.003100
    4.254000    -0.003050
    4.264000    -0.003000
    4.274000    -0.002950
    4.284000    -0.002900
    4.294000    -0.002840
    4.304000    -0.002780
    4.314000    -0.002720
    4.324000    -0.002660
    4.334000    -0.002590
    4.344000    -0.002530
    4.354000    -0.002470
    4.364000    -0.002400
    4.374000    -0.002340
    4.384000    -0.002270
    4.394000    -0.002210
    4.404000    -0.002140
    4.414000    -0.002080
    4.424000    -0.002020
    4.434000    -0.001951
    4.444000    -0.001888
    4.454000    -0.001824
    4.464000    -0.001763
    4.474000    -0.001701
    4.484000    -0.001641
    4.494000    -0.001582
    4.504000    -0.001524
    4.514000    -0.001466
    4.524000    -0.001410
    4.534000    -0.001356
    4.544000    -0.001303
    4.554000    -0.001251
    4.564000    -0.001199
    4.574000    -0.001150
    4.584000    -0.001101
    4.594000    -0.001055
    4.604000    -0.001009
    4.614000    -0.000965
    4.624000    -0.000922
    4.634000    -0.000881
    4.644000    -0.000840
    4.654000    -0.000802
    4.664000    -0.000764
    4.674000    -0.000728
    4.684000    -0.000694
    4.694000    -0.000660
    4.704000    -0.000627
    4.714000    -0.000596
    4.724000    -0.000566
    4.734000    -0.000538
    4.744000    -0.000511
    4.754000    -0.000485
    4.764000    -0.000459
    4.774000    -0.000435
    4.784000    -0.000412
    4.794000    -0.000390
    4.804000    -0.000368
    4.814000    -0.000348
    4.824000    -0.000329
    4.834000    -0.000310
    4.844000    -0.000293
    4.854000    -0.000277
    4.864000    -0.000261
    4.874000    -0.000246
    4.884000    -0.000231
    4.894000    -0.000218
    4.904000    -0.000205
    4.914000    -0.000192
    4.924000    -0.000180
    4.934000    -0.000170
    4.944000    -0.000159
    4.954000    -0.000149
    4.964000    -0.000140
    4.974000    -0.000131
    4.984000    -0.000123
    4.994000    -0.000115
    5.004000    -0.000108
    5.014000    -0.000101
    5.024000    -0.000094
    5.034000    -0.000088
    5.044000    -0.000082
    5.054000    -0.000077
    5.064000    -0.000072
    5.074000    -0.000067
    5.084000    -0.000062
    5.094000    -0.000058
    5.104000    -0.000054
    5.114000    -0.000050
    5.124000    -0.000047
    5.134000    -0.000043
    5.144000    -0.000040
    5.154000    -0.000037
    5.164000    -0.000035
    5.174000    -0.000032
    5.184000    -0.000030
    5.194000    -0.000028
    5.204000    -0.000026
    5.214000    -0.000024
    5.224000    -0.000022
    5.234000    -0.000020
    5.244000    -0.000019
    5.254000    -0.000017
    5.264000    -0.000016
    5.274000    -0.000015
    5.284000    -0.000014
    5.294000    -0.000013
