# Energy    Summed_PDOS
  -27.116000    -0.003010
  -27.106000    -0.003250
  -27.096000    -0.003500
  -27.086000    -0.003780
  -27.076000    -0.004070
  -27.066000    -0.004380
  -27.056000    -0.004720
  -27.046000    -0.005080
  -27.036000    -0.005460
  -27.026000    -0.005870
  -27.016000    -0.006310
  -27.006000    -0.006770
  -26.996000    -0.007270
  -26.986000    -0.007790
  -26.976000    -0.008350
  -26.966000    -0.008950
  -26.956000    -0.009590
  -26.946000    -0.010300
  -26.936000    -0.011000
  -26.926000    -0.011700
  -26.916000    -0.012500
  -26.906000    -0.013400
  -26.896000    -0.014300
  -26.886000    -0.015200
  -26.876000    -0.016300
  -26.866000    -0.017300
  -26.856000    -0.018500
  -26.846000    -0.019600
  -26.836000    -0.020900
  -26.826000    -0.022200
  -26.816000    -0.023600
  -26.806000    -0.025100
  -26.796000    -0.026600
  -26.786000    -0.028200
  -26.776000    -0.029900
  -26.766000    -0.031700
  -26.756000    -0.033600
  -26.746000    -0.035500
  -26.736000    -0.037600
  -26.726000    -0.039700
  -26.716000    -0.042000
  -26.706000    -0.044300
  -26.696000    -0.046800
  -26.686000    -0.049300
  -26.676000    -0.052000
  -26.666000    -0.054800
  -26.656000    -0.057600
  -26.646000    -0.060600
  -26.636000    -0.063800
  -26.626000    -0.067000
  -26.616000    -0.070300
  -26.606000    -0.073800
  -26.596000    -0.077400
  -26.586000    -0.081100
  -26.576000    -0.084900
  -26.566000    -0.088900
  -26.556000    -0.092900
  -26.546000    -0.097100
  -26.536000    -0.101000
  -26.526000    -0.106000
  -26.516000    -0.110000
  -26.506000    -0.115000
  -26.496000    -0.120000
  -26.486000    -0.125000
  -26.476000    -0.130000
  -26.466000    -0.135000
  -26.456000    -0.140000
  -26.446000    -0.145000
  -26.436000    -0.150000
  -26.426000    -0.156000
  -26.416000    -0.161000
  -26.406000    -0.167000
  -26.396000    -0.172000
  -26.386000    -0.178000
  -26.376000    -0.183000
  -26.366000    -0.189000
  -26.356000    -0.194000
  -26.346000    -0.200000
  -26.336000    -0.205000
  -26.326000    -0.211000
  -26.316000    -0.216000
  -26.306000    -0.221000
  -26.296000    -0.227000
  -26.286000    -0.232000
  -26.276000    -0.236000
  -26.266000    -0.241000
  -26.256000    -0.246000
  -26.246000    -0.250000
  -26.236000    -0.254000
  -26.226000    -0.257000
  -26.216000    -0.261000
  -26.206000    -0.264000
  -26.196000    -0.266000
  -26.186000    -0.268000
  -26.176000    -0.270000
  -26.166000    -0.271000
  -26.156000    -0.272000
  -26.146000    -0.272000
  -26.136000    -0.272000
  -26.126000    -0.271000
  -26.116000    -0.269000
  -26.106000    -0.267000
  -26.096000    -0.263000
  -26.086000    -0.259000
  -26.076000    -0.254000
  -26.066000    -0.249000
  -26.056000    -0.242000
  -26.046000    -0.234000
  -26.036000    -0.226000
  -26.026000    -0.216000
  -26.016000    -0.205000
  -26.006000    -0.193000
  -25.996000    -0.180000
  -25.986000    -0.166000
  -25.976000    -0.150000
  -25.966000    -0.133000
  -25.956000    -0.115000
  -25.946000    -0.094900
  -25.936000    -0.073600
  -25.926000    -0.050900
  -25.916000    -0.026700
  -25.906000    -0.000859
  -25.896000     0.026500
  -25.886000     0.055600
  -25.876000     0.086300
  -25.866000     0.119000
  -25.856000     0.153000
  -25.846000     0.189000
  -25.836000     0.226000
  -25.826000     0.266000
  -25.816000     0.307000
  -25.806000     0.350000
  -25.796000     0.395000
  -25.786000     0.442000
  -25.776000     0.490000
  -25.766000     0.541000
  -25.756000     0.593000
  -25.746000     0.647000
  -25.736000     0.703000
  -25.726000     0.761000
  -25.716000     0.821000
  -25.706000     0.882000
  -25.696000     0.945000
  -25.686000     1.010000
  -25.676000     1.080000
  -25.666000     1.140000
  -25.656000     1.210000
  -25.646000     1.290000
  -25.636000     1.360000
  -25.626000     1.430000
  -25.616000     1.510000
  -25.606000     1.590000
  -25.596000     1.670000
  -25.586000     1.750000
  -25.576000     1.830000
  -25.566000     1.910000
  -25.556000     1.990000
  -25.546000     2.080000
  -25.536000     2.160000
  -25.526000     2.250000
  -25.516000     2.330000
  -25.506000     2.420000
  -25.496000     2.500000
  -25.486000     2.590000
  -25.476000     2.680000
  -25.466000     2.770000
  -25.456000     2.850000
  -25.446000     2.940000
  -25.436000     3.030000
  -25.426000     3.110000
  -25.416000     3.200000
  -25.406000     3.290000
  -25.396000     3.370000
  -25.386000     3.450000
  -25.376000     3.540000
  -25.366000     3.620000
  -25.356000     3.700000
  -25.346000     3.780000
  -25.336000     3.850000
  -25.326000     3.930000
  -25.316000     4.000000
  -25.306000     4.080000
  -25.296000     4.150000
  -25.286000     4.210000
  -25.276000     4.280000
  -25.266000     4.340000
  -25.256000     4.400000
  -25.246000     4.460000
  -25.236000     4.520000
  -25.226000     4.570000
  -25.216000     4.620000
  -25.206000     4.660000
  -25.196000     4.710000
  -25.186000     4.750000
  -25.176000     4.790000
  -25.166000     4.820000
  -25.156000     4.850000
  -25.146000     4.880000
  -25.136000     4.900000
  -25.126000     4.920000
  -25.116000     4.940000
  -25.106000     4.960000
  -25.096000     4.970000
  -25.086000     4.970000
  -25.076000     4.980000
  -25.066000     4.980000
  -25.056000     4.970000
  -25.046000     4.960000
  -25.036000     4.950000
  -25.026000     4.940000
  -25.016000     4.920000
  -25.006000     4.900000
  -24.996000     4.870000
  -24.986000     4.840000
  -24.976000     4.810000
  -24.966000     4.780000
  -24.956000     4.740000
  -24.946000     4.700000
  -24.936000     4.650000
  -24.926000     4.600000
  -24.916000     4.550000
  -24.906000     4.500000
  -24.896000     4.440000
  -24.886000     4.380000
  -24.876000     4.320000
  -24.866000     4.260000
  -24.856000     4.190000
  -24.846000     4.120000
  -24.836000     4.050000
  -24.826000     3.980000
  -24.816000     3.910000
  -24.806000     3.830000
  -24.796000     3.750000
  -24.786000     3.670000
  -24.776000     3.590000
  -24.766000     3.510000
  -24.756000     3.430000
  -24.746000     3.350000
  -24.736000     3.260000
  -24.726000     3.180000
  -24.716000     3.090000
  -24.706000     3.000000
  -24.696000     2.920000
  -24.686000     2.830000
  -24.676000     2.740000
  -24.666000     2.650000
  -24.656000     2.570000
  -24.646000     2.480000
  -24.636000     2.390000
  -24.626000     2.310000
  -24.616000     2.220000
  -24.606000     2.130000
  -24.596000     2.050000
  -24.586000     1.970000
  -24.576000     1.880000
  -24.566000     1.800000
  -24.556000     1.720000
  -24.546000     1.640000
  -24.536000     1.560000
  -24.526000     1.490000
  -24.516000     1.410000
  -24.506000     1.340000
  -24.496000     1.270000
  -24.486000     1.190000
  -24.476000     1.120000
  -24.466000     1.060000
  -24.456000     0.991000
  -24.446000     0.926000
  -24.436000     0.864000
  -24.426000     0.803000
  -24.416000     0.744000
  -24.406000     0.686000
  -24.396000     0.631000
  -24.386000     0.577000
  -24.376000     0.526000
  -24.366000     0.476000
  -24.356000     0.428000
  -24.346000     0.381000
  -24.336000     0.337000
  -24.326000     0.295000
  -24.316000     0.254000
  -24.306000     0.215000
  -24.296000     0.178000
  -24.286000     0.143000
  -24.276000     0.109000
  -24.266000     0.077000
  -24.256000     0.046800
  -24.246000     0.018300
  -24.236000    -0.008670
  -24.226000    -0.034000
  -24.216000    -0.057800
  -24.206000    -0.080100
  -24.196000    -0.101000
  -24.186000    -0.120000
  -24.176000    -0.138000
  -24.166000    -0.155000
  -24.156000    -0.170000
  -24.146000    -0.184000
  -24.136000    -0.197000
  -24.126000    -0.209000
  -24.116000    -0.219000
  -24.106000    -0.228000
  -24.096000    -0.237000
  -24.086000    -0.244000
  -24.076000    -0.251000
  -24.066000    -0.256000
  -24.056000    -0.261000
  -24.046000    -0.264000
  -24.036000    -0.267000
  -24.026000    -0.270000
  -24.016000    -0.271000
  -24.006000    -0.272000
  -23.996000    -0.272000
  -23.986000    -0.272000
  -23.976000    -0.271000
  -23.966000    -0.270000
  -23.956000    -0.268000
  -23.946000    -0.265000
  -23.936000    -0.263000
  -23.926000    -0.260000
  -23.916000    -0.256000
  -23.906000    -0.253000
  -23.896000    -0.248000
  -23.886000    -0.244000
  -23.876000    -0.240000
  -23.866000    -0.235000
  -23.856000    -0.230000
  -23.846000    -0.225000
  -23.836000    -0.220000
  -23.826000    -0.215000
  -23.816000    -0.209000
  -23.806000    -0.204000
  -23.796000    -0.198000
  -23.786000    -0.193000
  -23.776000    -0.187000
  -23.766000    -0.182000
  -23.756000    -0.176000
  -23.746000    -0.170000
  -23.736000    -0.165000
  -23.726000    -0.160000
  -23.716000    -0.154000
  -23.706000    -0.149000
  -23.696000    -0.143000
  -23.686000    -0.138000
  -23.676000    -0.133000
  -23.666000    -0.128000
  -23.656000    -0.123000
  -23.646000    -0.118000
  -23.636000    -0.114000
  -23.626000    -0.109000
  -23.616000    -0.105000
  -23.606000    -0.100000
  -23.596000    -0.095900
  -23.586000    -0.091700
  -23.576000    -0.087700
  -23.566000    -0.083800
  -23.556000    -0.080000
  -23.546000    -0.076300
  -23.536000    -0.072800
  -23.526000    -0.069300
  -23.516000    -0.066000
  -23.506000    -0.062800
  -23.496000    -0.059700
  -23.486000    -0.056800
  -23.476000    -0.053900
  -23.466000    -0.051200
  -23.456000    -0.048600
  -23.446000    -0.046000
  -23.436000    -0.043600
  -23.426000    -0.041300
  -23.416000    -0.039100
  -23.406000    -0.037000
  -23.396000    -0.035000
  -23.386000    -0.033000
  -23.376000    -0.031200
  -23.366000    -0.029400
  -23.356000    -0.027700
  -23.346000    -0.026100
  -23.336000    -0.024600
  -23.326000    -0.023200
  -23.316000    -0.021800
  -23.306000    -0.020500
  -23.296000    -0.019300
  -23.286000    -0.018100
  -23.276000    -0.017000
  -23.266000    -0.016000
  -23.256000    -0.015000
  -23.246000    -0.014000
  -23.236000    -0.013100
  -23.226000    -0.012300
  -23.216000    -0.011500
  -23.206000    -0.010800
  -23.196000    -0.010100
  -23.186000    -0.009390
  -23.176000    -0.008770
  -23.166000    -0.008190
  -23.156000    -0.007630
  -23.146000    -0.007120
  -23.136000    -0.006630
  -23.126000    -0.006180
  -23.116000    -0.005750
  -23.106000    -0.005350
  -23.096000    -0.004970
  -23.086000    -0.004620
  -23.076000    -0.004290
  -23.066000    -0.003980
  -23.056000    -0.003700
  -23.046000    -0.003430
  -23.036000    -0.003180
  -23.026000    -0.002950
  -23.016000    -0.002730
  -23.006000    -0.002530
  -22.996000    -0.002340
  -22.986000    -0.002160
  -22.976000    -0.002000
  -22.966000    -0.001850
  -22.956000    -0.001710
  -22.946000    -0.001580
  -22.936000    -0.001460
  -22.926000    -0.001340
  -22.916000    -0.001240
  -22.906000    -0.001150
  -22.896000    -0.001060
  -22.886000    -0.000976
  -22.876000    -0.000901
  -22.866000    -0.000832
  -22.856000    -0.000769
  -22.846000    -0.000711
  -22.836000    -0.000658
  -22.826000    -0.000610
  -22.816000    -0.000566
  -22.806000    -0.000526
  -22.796000    -0.000490
  -22.786000    -0.000458
  -22.776000    -0.000429
  -22.766000    -0.000404
  -22.756000    -0.000382
  -22.746000    -0.000363
  -22.736000    -0.000346
  -22.726000    -0.000333
  -22.716000    -0.000322
  -22.706000    -0.000314
  -22.696000    -0.000309
  -22.686000    -0.000306
  -22.676000    -0.000305
  -22.666000    -0.000308
  -22.656000    -0.000312
  -22.646000    -0.000320
  -22.636000    -0.000330
  -22.626000    -0.000342
  -22.616000    -0.000358
  -22.606000    -0.000376
  -22.596000    -0.000397
  -22.586000    -0.000422
  -22.576000    -0.000449
  -22.566000    -0.000481
  -22.556000    -0.000515
  -22.546000    -0.000554
  -22.536000    -0.000596
  -22.526000    -0.000643
  -22.516000    -0.000695
  -22.506000    -0.000751
  -22.496000    -0.000813
  -22.486000    -0.000880
  -22.476000    -0.000953
  -22.466000    -0.001030
  -22.456000    -0.001120
  -22.446000    -0.001210
  -22.436000    -0.001310
  -22.426000    -0.001420
  -22.416000    -0.001540
  -22.406000    -0.001670
  -22.396000    -0.001810
  -22.386000    -0.001950
  -22.376000    -0.002110
  -22.366000    -0.002280
  -22.356000    -0.002470
  -22.346000    -0.002670
  -22.336000    -0.002880
  -22.326000    -0.003110
  -22.316000    -0.003350
  -22.306000    -0.003620
  -22.296000    -0.003900
  -22.286000    -0.004200
  -22.276000    -0.004520
  -22.266000    -0.004870
  -22.256000    -0.005230
  -22.246000    -0.005630
  -22.236000    -0.006050
  -22.226000    -0.006490
  -22.216000    -0.006970
  -22.206000    -0.007480
  -22.196000    -0.008020
  -22.186000    -0.008600
  -22.176000    -0.009210
  -22.166000    -0.009860
  -22.156000    -0.010500
  -22.146000    -0.011300
  -22.136000    -0.012100
  -22.126000    -0.012900
  -22.116000    -0.013800
  -22.106000    -0.014700
  -22.096000    -0.015700
  -22.086000    -0.016700
  -22.076000    -0.017800
  -22.066000    -0.018900
  -22.056000    -0.020100
  -22.046000    -0.021400
  -22.036000    -0.022800
  -22.026000    -0.024200
  -22.016000    -0.025700
  -22.006000    -0.027300
  -21.996000    -0.028900
  -21.986000    -0.030700
  -21.976000    -0.032500
  -21.966000    -0.034400
  -21.956000    -0.036400
  -21.946000    -0.038500
  -21.936000    -0.040700
  -21.926000    -0.042900
  -21.916000    -0.045300
  -21.906000    -0.047800
  -21.896000    -0.050400
  -21.886000    -0.053100
  -21.876000    -0.055900
  -21.866000    -0.058900
  -21.856000    -0.061900
  -21.846000    -0.065100
  -21.836000    -0.068300
  -21.826000    -0.071700
  -21.816000    -0.075300
  -21.806000    -0.078900
  -21.796000    -0.082600
  -21.786000    -0.086500
  -21.776000    -0.090500
  -21.766000    -0.094600
  -21.756000    -0.098900
  -21.746000    -0.103000
  -21.736000    -0.108000
  -21.726000    -0.112000
  -21.716000    -0.117000
  -21.706000    -0.122000
  -21.696000    -0.127000
  -21.686000    -0.132000
  -21.676000    -0.137000
  -21.666000    -0.142000
  -21.656000    -0.147000
  -21.646000    -0.153000
  -21.636000    -0.158000
  -21.626000    -0.163000
  -21.616000    -0.169000
  -21.606000    -0.174000
  -21.596000    -0.180000
  -21.586000    -0.186000
  -21.576000    -0.191000
  -21.566000    -0.197000
  -21.556000    -0.202000
  -21.546000    -0.208000
  -21.536000    -0.213000
  -21.526000    -0.218000
  -21.516000    -0.224000
  -21.506000    -0.229000
  -21.496000    -0.234000
  -21.486000    -0.238000
  -21.476000    -0.243000
  -21.466000    -0.247000
  -21.456000    -0.251000
  -21.446000    -0.255000
  -21.436000    -0.259000
  -21.426000    -0.262000
  -21.416000    -0.265000
  -21.406000    -0.267000
  -21.396000    -0.269000
  -21.386000    -0.271000
  -21.376000    -0.272000
  -21.366000    -0.272000
  -21.356000    -0.272000
  -21.346000    -0.272000
  -21.336000    -0.270000
  -21.326000    -0.268000
  -21.316000    -0.266000
  -21.306000    -0.262000
  -21.296000    -0.258000
  -21.286000    -0.253000
  -21.276000    -0.247000
  -21.266000    -0.240000
  -21.256000    -0.232000
  -21.246000    -0.223000
  -21.236000    -0.212000
  -21.226000    -0.201000
  -21.216000    -0.189000
  -21.206000    -0.175000
  -21.196000    -0.160000
  -21.186000    -0.144000
  -21.176000    -0.127000
  -21.166000    -0.108000
  -21.156000    -0.087600
  -21.146000    -0.065900
  -21.136000    -0.042600
  -21.126000    -0.017900
  -21.116000     0.008440
  -21.106000     0.036400
  -21.096000     0.065900
  -21.086000     0.097100
  -21.076000     0.130000
  -21.066000     0.165000
  -21.056000     0.201000
  -21.046000     0.239000
  -21.036000     0.279000
  -21.026000     0.321000
  -21.016000     0.364000
  -21.006000     0.410000
  -20.996000     0.457000
  -20.986000     0.506000
  -20.976000     0.557000
  -20.966000     0.609000
  -20.956000     0.664000
  -20.946000     0.720000
  -20.936000     0.778000
  -20.926000     0.838000
  -20.916000     0.900000
  -20.906000     0.963000
  -20.896000     1.030000
  -20.886000     1.090000
  -20.876000     1.160000
  -20.866000     1.230000
  -20.856000     1.300000
  -20.846000     1.380000
  -20.836000     1.450000
  -20.826000     1.530000
  -20.816000     1.600000
  -20.806000     1.680000
  -20.796000     1.760000
  -20.786000     1.840000
  -20.776000     1.920000
  -20.766000     2.000000
  -20.756000     2.090000
  -20.746000     2.170000
  -20.736000     2.260000
  -20.726000     2.340000
  -20.716000     2.430000
  -20.706000     2.510000
  -20.696000     2.600000
  -20.686000     2.680000
  -20.676000     2.770000
  -20.666000     2.850000
  -20.656000     2.940000
  -20.646000     3.020000
  -20.636000     3.110000
  -20.626000     3.190000
  -20.616000     3.270000
  -20.606000     3.350000
  -20.596000     3.430000
  -20.586000     3.510000
  -20.576000     3.590000
  -20.566000     3.670000
  -20.556000     3.740000
  -20.546000     3.820000
  -20.536000     3.890000
  -20.526000     3.960000
  -20.516000     4.020000
  -20.506000     4.090000
  -20.496000     4.150000
  -20.486000     4.210000
  -20.476000     4.270000
  -20.466000     4.320000
  -20.456000     4.380000
  -20.446000     4.430000
  -20.436000     4.470000
  -20.426000     4.520000
  -20.416000     4.560000
  -20.406000     4.600000
  -20.396000     4.630000
  -20.386000     4.660000
  -20.376000     4.690000
  -20.366000     4.710000
  -20.356000     4.730000
  -20.346000     4.750000
  -20.336000     4.770000
  -20.326000     4.780000
  -20.316000     4.780000
  -20.306000     4.790000
  -20.296000     4.790000
  -20.286000     4.780000
  -20.276000     4.770000
  -20.266000     4.760000
  -20.256000     4.750000
  -20.246000     4.730000
  -20.236000     4.710000
  -20.226000     4.680000
  -20.216000     4.660000
  -20.206000     4.620000
  -20.196000     4.590000
  -20.186000     4.550000
  -20.176000     4.510000
  -20.166000     4.470000
  -20.156000     4.420000
  -20.146000     4.370000
  -20.136000     4.320000
  -20.126000     4.270000
  -20.116000     4.210000
  -20.106000     4.150000
  -20.096000     4.090000
  -20.086000     4.030000
  -20.076000     3.960000
  -20.066000     3.890000
  -20.056000     3.830000
  -20.046000     3.760000
  -20.036000     3.690000
  -20.026000     3.610000
  -20.016000     3.540000
  -20.006000     3.470000
  -19.996000     3.390000
  -19.986000     3.320000
  -19.976000     3.240000
  -19.966000     3.170000
  -19.956000     3.100000
  -19.946000     3.020000
  -19.936000     2.950000
  -19.926000     2.870000
  -19.916000     2.800000
  -19.906000     2.730000
  -19.896000     2.660000
  -19.886000     2.590000
  -19.876000     2.520000
  -19.866000     2.460000
  -19.856000     2.390000
  -19.846000     2.330000
  -19.836000     2.270000
  -19.826000     2.210000
  -19.816000     2.160000
  -19.806000     2.100000
  -19.796000     2.050000
  -19.786000     2.010000
  -19.776000     1.960000
  -19.766000     1.920000
  -19.756000     1.880000
  -19.746000     1.840000
  -19.736000     1.810000
  -19.726000     1.780000
  -19.716000     1.750000
  -19.706000     1.730000
  -19.696000     1.710000
  -19.686000     1.690000
  -19.676000     1.680000
  -19.666000     1.670000
  -19.656000     1.670000
  -19.646000     1.660000
  -19.636000     1.660000
  -19.626000     1.670000
  -19.616000     1.680000
  -19.606000     1.690000
  -19.596000     1.710000
  -19.586000     1.730000
  -19.576000     1.750000
  -19.566000     1.770000
  -19.556000     1.800000
  -19.546000     1.840000
  -19.536000     1.870000
  -19.526000     1.910000
  -19.516000     1.950000
  -19.506000     2.000000
  -19.496000     2.040000
  -19.486000     2.090000
  -19.476000     2.150000
  -19.466000     2.200000
  -19.456000     2.260000
  -19.446000     2.320000
  -19.436000     2.380000
  -19.426000     2.440000
  -19.416000     2.510000
  -19.406000     2.580000
  -19.396000     2.650000
  -19.386000     2.720000
  -19.376000     2.790000
  -19.366000     2.860000
  -19.356000     2.930000
  -19.346000     3.010000
  -19.336000     3.080000
  -19.326000     3.150000
  -19.316000     3.230000
  -19.306000     3.300000
  -19.296000     3.380000
  -19.286000     3.450000
  -19.276000     3.530000
  -19.266000     3.600000
  -19.256000     3.670000
  -19.246000     3.740000
  -19.236000     3.810000
  -19.226000     3.880000
  -19.216000     3.950000
  -19.206000     4.010000
  -19.196000     4.070000
  -19.186000     4.140000
  -19.176000     4.200000
  -19.166000     4.250000
  -19.156000     4.310000
  -19.146000     4.360000
  -19.136000     4.410000
  -19.126000     4.460000
  -19.116000     4.500000
  -19.106000     4.540000
  -19.096000     4.580000
  -19.086000     4.620000
  -19.076000     4.650000
  -19.066000     4.680000
  -19.056000     4.700000
  -19.046000     4.720000
  -19.036000     4.740000
  -19.026000     4.760000
  -19.016000     4.770000
  -19.006000     4.780000
  -18.996000     4.780000
  -18.986000     4.780000
  -18.976000     4.780000
  -18.966000     4.780000
  -18.956000     4.770000
  -18.946000     4.750000
  -18.936000     4.740000
  -18.926000     4.720000
  -18.916000     4.690000
  -18.906000     4.660000
  -18.896000     4.630000
  -18.886000     4.600000
  -18.876000     4.560000
  -18.866000     4.520000
  -18.856000     4.480000
  -18.846000     4.430000
  -18.836000     4.380000
  -18.826000     4.330000
  -18.816000     4.280000
  -18.806000     4.220000
  -18.796000     4.160000
  -18.786000     4.090000
  -18.776000     4.030000
  -18.766000     3.960000
  -18.756000     3.890000
  -18.746000     3.820000
  -18.736000     3.750000
  -18.726000     3.670000
  -18.716000     3.590000
  -18.706000     3.520000
  -18.696000     3.440000
  -18.686000     3.350000
  -18.676000     3.270000
  -18.666000     3.190000
  -18.656000     3.100000
  -18.646000     3.020000
  -18.636000     2.930000
  -18.626000     2.850000
  -18.616000     2.760000
  -18.606000     2.670000
  -18.596000     2.590000
  -18.586000     2.500000
  -18.576000     2.410000
  -18.566000     2.330000
  -18.556000     2.240000
  -18.546000     2.150000
  -18.536000     2.070000
  -18.526000     1.980000
  -18.516000     1.900000
  -18.506000     1.810000
  -18.496000     1.730000
  -18.486000     1.650000
  -18.476000     1.570000
  -18.466000     1.490000
  -18.456000     1.410000
  -18.446000     1.330000
  -18.436000     1.260000
  -18.426000     1.180000
  -18.416000     1.110000
  -18.406000     1.030000
  -18.396000     0.964000
  -18.386000     0.895000
  -18.376000     0.828000
  -18.366000     0.762000
  -18.356000     0.697000
  -18.346000     0.634000
  -18.336000     0.573000
  -18.326000     0.514000
  -18.316000     0.456000
  -18.306000     0.400000
  -18.296000     0.346000
  -18.286000     0.294000
  -18.276000     0.243000
  -18.266000     0.194000
  -18.256000     0.146000
  -18.246000     0.101000
  -18.236000     0.056800
  -18.226000     0.014600
  -18.216000    -0.026000
  -18.206000    -0.064900
  -18.196000    -0.102000
  -18.186000    -0.138000
  -18.176000    -0.172000
  -18.166000    -0.204000
  -18.156000    -0.235000
  -18.146000    -0.264000
  -18.136000    -0.292000
  -18.126000    -0.318000
  -18.116000    -0.343000
  -18.106000    -0.366000
  -18.096000    -0.388000
  -18.086000    -0.409000
  -18.076000    -0.428000
  -18.066000    -0.446000
  -18.056000    -0.462000
  -18.046000    -0.477000
  -18.036000    -0.490000
  -18.026000    -0.503000
  -18.016000    -0.514000
  -18.006000    -0.524000
  -17.996000    -0.532000
  -17.986000    -0.539000
  -17.976000    -0.546000
  -17.966000    -0.550000
  -17.956000    -0.554000
  -17.946000    -0.556000
  -17.936000    -0.558000
  -17.926000    -0.558000
  -17.916000    -0.556000
  -17.906000    -0.554000
  -17.896000    -0.550000
  -17.886000    -0.545000
  -17.876000    -0.539000
  -17.866000    -0.532000
  -17.856000    -0.523000
  -17.846000    -0.514000
  -17.836000    -0.503000
  -17.826000    -0.490000
  -17.816000    -0.477000
  -17.806000    -0.462000
  -17.796000    -0.446000
  -17.786000    -0.428000
  -17.776000    -0.409000
  -17.766000    -0.389000
  -17.756000    -0.367000
  -17.746000    -0.344000
  -17.736000    -0.320000
  -17.726000    -0.294000
  -17.716000    -0.267000
  -17.706000    -0.238000
  -17.696000    -0.207000
  -17.686000    -0.176000
  -17.676000    -0.142000
  -17.666000    -0.107000
  -17.656000    -0.070800
  -17.646000    -0.032700
  -17.636000     0.006930
  -17.626000     0.048200
  -17.616000     0.091000
  -17.606000     0.136000
  -17.596000     0.182000
  -17.586000     0.229000
  -17.576000     0.279000
  -17.566000     0.330000
  -17.556000     0.382000
  -17.546000     0.437000
  -17.536000     0.492000
  -17.526000     0.550000
  -17.516000     0.609000
  -17.506000     0.669000
  -17.496000     0.732000
  -17.486000     0.795000
  -17.476000     0.861000
  -17.466000     0.927000
  -17.456000     0.995000
  -17.446000     1.060000
  -17.436000     1.140000
  -17.426000     1.210000
  -17.416000     1.280000
  -17.406000     1.360000
  -17.396000     1.430000
  -17.386000     1.510000
  -17.376000     1.590000
  -17.366000     1.670000
  -17.356000     1.750000
  -17.346000     1.830000
  -17.336000     1.910000
  -17.326000     1.990000
  -17.316000     2.070000
  -17.306000     2.160000
  -17.296000     2.240000
  -17.286000     2.330000
  -17.276000     2.410000
  -17.266000     2.490000
  -17.256000     2.580000
  -17.246000     2.670000
  -17.236000     2.750000
  -17.226000     2.840000
  -17.216000     2.920000
  -17.206000     3.010000
  -17.196000     3.090000
  -17.186000     3.170000
  -17.176000     3.260000
  -17.166000     3.340000
  -17.156000     3.420000
  -17.146000     3.500000
  -17.136000     3.580000
  -17.126000     3.660000
  -17.116000     3.740000
  -17.106000     3.820000
  -17.096000     3.890000
  -17.086000     3.970000
  -17.076000     4.040000
  -17.066000     4.110000
  -17.056000     4.180000
  -17.046000     4.250000
  -17.036000     4.320000
  -17.026000     4.390000
  -17.016000     4.450000
  -17.006000     4.510000
  -16.996000     4.580000
  -16.986000     4.630000
  -16.976000     4.690000
  -16.966000     4.750000
  -16.956000     4.800000
  -16.946000     4.850000
  -16.936000     4.900000
  -16.926000     4.950000
  -16.916000     5.000000
  -16.906000     5.040000
  -16.896000     5.080000
  -16.886000     5.130000
  -16.876000     5.160000
  -16.866000     5.200000
  -16.856000     5.240000
  -16.846000     5.270000
  -16.836000     5.300000
  -16.826000     5.330000
  -16.816000     5.360000
  -16.806000     5.390000
  -16.796000     5.410000
  -16.786000     5.440000
  -16.776000     5.460000
  -16.766000     5.480000
  -16.756000     5.500000
  -16.746000     5.510000
  -16.736000     5.530000
  -16.726000     5.550000
  -16.716000     5.560000
  -16.706000     5.570000
  -16.696000     5.590000
  -16.686000     5.600000
  -16.676000     5.610000
  -16.666000     5.620000
  -16.656000     5.620000
  -16.646000     5.630000
  -16.636000     5.640000
  -16.626000     5.640000
  -16.616000     5.650000
  -16.606000     5.650000
  -16.596000     5.660000
  -16.586000     5.660000
  -16.576000     5.670000
  -16.566000     5.670000
  -16.556000     5.670000
  -16.546000     5.670000
  -16.536000     5.670000
  -16.526000     5.680000
  -16.516000     5.680000
  -16.506000     5.680000
  -16.496000     5.680000
  -16.486000     5.680000
  -16.476000     5.680000
  -16.466000     5.680000
  -16.456000     5.680000
  -16.446000     5.680000
  -16.436000     5.670000
  -16.426000     5.670000
  -16.416000     5.670000
  -16.406000     5.670000
  -16.396000     5.660000
  -16.386000     5.660000
  -16.376000     5.660000
  -16.366000     5.650000
  -16.356000     5.650000
  -16.346000     5.640000
  -16.336000     5.640000
  -16.326000     5.630000
  -16.316000     5.620000
  -16.306000     5.610000
  -16.296000     5.600000
  -16.286000     5.590000
  -16.276000     5.580000
  -16.266000     5.570000
  -16.256000     5.560000
  -16.246000     5.540000
  -16.236000     5.530000
  -16.226000     5.510000
  -16.216000     5.490000
  -16.206000     5.470000
  -16.196000     5.450000
  -16.186000     5.430000
  -16.176000     5.400000
  -16.166000     5.380000
  -16.156000     5.350000
  -16.146000     5.320000
  -16.136000     5.290000
  -16.126000     5.260000
  -16.116000     5.220000
  -16.106000     5.190000
  -16.096000     5.150000
  -16.086000     5.110000
  -16.076000     5.070000
  -16.066000     5.030000
  -16.056000     4.980000
  -16.046000     4.930000
  -16.036000     4.890000
  -16.026000     4.830000
  -16.016000     4.780000
  -16.006000     4.730000
  -15.996000     4.670000
  -15.986000     4.610000
  -15.976000     4.550000
  -15.966000     4.490000
  -15.956000     4.430000
  -15.946000     4.360000
  -15.936000     4.300000
  -15.926000     4.230000
  -15.916000     4.160000
  -15.906000     4.090000
  -15.896000     4.020000
  -15.886000     3.940000
  -15.876000     3.870000
  -15.866000     3.790000
  -15.856000     3.720000
  -15.846000     3.640000
  -15.836000     3.560000
  -15.826000     3.480000
  -15.816000     3.400000
  -15.806000     3.320000
  -15.796000     3.230000
  -15.786000     3.150000
  -15.776000     3.070000
  -15.766000     2.980000
  -15.756000     2.900000
  -15.746000     2.810000
  -15.736000     2.730000
  -15.726000     2.650000
  -15.716000     2.560000
  -15.706000     2.480000
  -15.696000     2.390000
  -15.686000     2.310000
  -15.676000     2.230000
  -15.666000     2.140000
  -15.656000     2.060000
  -15.646000     1.980000
  -15.636000     1.900000
  -15.626000     1.820000
  -15.616000     1.740000
  -15.606000     1.660000
  -15.596000     1.580000
  -15.586000     1.510000
  -15.576000     1.430000
  -15.566000     1.360000
  -15.556000     1.290000
  -15.546000     1.220000
  -15.536000     1.150000
  -15.526000     1.080000
  -15.516000     1.010000
  -15.506000     0.944000
  -15.496000     0.880000
  -15.486000     0.817000
  -15.476000     0.756000
  -15.466000     0.696000
  -15.456000     0.638000
  -15.446000     0.582000
  -15.436000     0.527000
  -15.426000     0.473000
  -15.416000     0.422000
  -15.406000     0.372000
  -15.396000     0.323000
  -15.386000     0.276000
  -15.376000     0.231000
  -15.366000     0.187000
  -15.356000     0.145000
  -15.346000     0.105000
  -15.336000     0.065500
  -15.326000     0.027900
  -15.316000    -0.008080
  -15.306000    -0.042600
  -15.296000    -0.075800
  -15.286000    -0.107000
  -15.276000    -0.138000
  -15.266000    -0.167000
  -15.256000    -0.194000
  -15.246000    -0.221000
  -15.236000    -0.246000
  -15.226000    -0.270000
  -15.216000    -0.293000
  -15.206000    -0.314000
  -15.196000    -0.335000
  -15.186000    -0.354000
  -15.176000    -0.373000
  -15.166000    -0.390000
  -15.156000    -0.406000
  -15.146000    -0.422000
  -15.136000    -0.437000
  -15.126000    -0.451000
  -15.116000    -0.464000
  -15.106000    -0.476000
  -15.096000    -0.487000
  -15.086000    -0.498000
  -15.076000    -0.508000
  -15.066000    -0.518000
  -15.056000    -0.527000
  -15.046000    -0.535000
  -15.036000    -0.543000
  -15.026000    -0.550000
  -15.016000    -0.556000
  -15.006000    -0.563000
  -14.996000    -0.568000
  -14.986000    -0.573000
  -14.976000    -0.578000
  -14.966000    -0.582000
  -14.956000    -0.586000
  -14.946000    -0.589000
  -14.936000    -0.592000
  -14.926000    -0.594000
  -14.916000    -0.596000
  -14.906000    -0.597000
  -14.896000    -0.598000
  -14.886000    -0.599000
  -14.876000    -0.599000
  -14.866000    -0.598000
  -14.856000    -0.597000
  -14.846000    -0.595000
  -14.836000    -0.593000
  -14.826000    -0.590000
  -14.816000    -0.587000
  -14.806000    -0.583000
  -14.796000    -0.578000
  -14.786000    -0.573000
  -14.776000    -0.566000
  -14.766000    -0.559000
  -14.756000    -0.552000
  -14.746000    -0.543000
  -14.736000    -0.533000
  -14.726000    -0.523000
  -14.716000    -0.511000
  -14.706000    -0.499000
  -14.696000    -0.485000
  -14.686000    -0.470000
  -14.676000    -0.455000
  -14.666000    -0.437000
  -14.656000    -0.419000
  -14.646000    -0.399000
  -14.636000    -0.378000
  -14.626000    -0.355000
  -14.616000    -0.331000
  -14.606000    -0.306000
  -14.596000    -0.278000
  -14.586000    -0.250000
  -14.576000    -0.219000
  -14.566000    -0.187000
  -14.556000    -0.153000
  -14.546000    -0.117000
  -14.536000    -0.079000
  -14.526000    -0.039300
  -14.516000     0.002400
  -14.506000     0.046100
  -14.496000     0.091900
  -14.486000     0.140000
  -14.476000     0.190000
  -14.466000     0.242000
  -14.456000     0.296000
  -14.446000     0.353000
  -14.436000     0.412000
  -14.426000     0.473000
  -14.416000     0.536000
  -14.406000     0.602000
  -14.396000     0.670000
  -14.386000     0.740000
  -14.376000     0.813000
  -14.366000     0.888000
  -14.356000     0.966000
  -14.346000     1.050000
  -14.336000     1.130000
  -14.326000     1.210000
  -14.316000     1.300000
  -14.306000     1.390000
  -14.296000     1.480000
  -14.286000     1.570000
  -14.276000     1.670000
  -14.266000     1.770000
  -14.256000     1.870000
  -14.246000     1.970000
  -14.236000     2.080000
  -14.226000     2.180000
  -14.216000     2.290000
  -14.206000     2.400000
  -14.196000     2.510000
  -14.186000     2.630000
  -14.176000     2.740000
  -14.166000     2.860000
  -14.156000     2.980000
  -14.146000     3.100000
  -14.136000     3.220000
  -14.126000     3.350000
  -14.116000     3.470000
  -14.106000     3.600000
  -14.096000     3.720000
  -14.086000     3.850000
  -14.076000     3.980000
  -14.066000     4.110000
  -14.056000     4.240000
  -14.046000     4.370000
  -14.036000     4.500000
  -14.026000     4.640000
  -14.016000     4.770000
  -14.006000     4.900000
  -13.996000     5.030000
  -13.986000     5.170000
  -13.976000     5.300000
  -13.966000     5.430000
  -13.956000     5.560000
  -13.946000     5.690000
  -13.936000     5.830000
  -13.926000     5.960000
  -13.916000     6.080000
  -13.906000     6.210000
  -13.896000     6.340000
  -13.886000     6.470000
  -13.876000     6.590000
  -13.866000     6.720000
  -13.856000     6.840000
  -13.846000     6.960000
  -13.836000     7.080000
  -13.826000     7.200000
  -13.816000     7.320000
  -13.806000     7.430000
  -13.796000     7.540000
  -13.786000     7.650000
  -13.776000     7.760000
  -13.766000     7.870000
  -13.756000     7.970000
  -13.746000     8.080000
  -13.736000     8.180000
  -13.726000     8.270000
  -13.716000     8.370000
  -13.706000     8.460000
  -13.696000     8.550000
  -13.686000     8.640000
  -13.676000     8.720000
  -13.666000     8.810000
  -13.656000     8.890000
  -13.646000     8.960000
  -13.636000     9.040000
  -13.626000     9.110000
  -13.616000     9.170000
  -13.606000     9.240000
  -13.596000     9.300000
  -13.586000     9.360000
  -13.576000     9.420000
  -13.566000     9.470000
  -13.556000     9.520000
  -13.546000     9.570000
  -13.536000     9.610000
  -13.526000     9.650000
  -13.516000     9.690000
  -13.506000     9.730000
  -13.496000     9.760000
  -13.486000     9.790000
  -13.476000     9.810000
  -13.466000     9.840000
  -13.456000     9.860000
  -13.446000     9.870000
  -13.436000     9.890000
  -13.426000     9.900000
  -13.416000     9.900000
  -13.406000     9.910000
  -13.396000     9.910000
  -13.386000     9.910000
  -13.376000     9.910000
  -13.366000     9.900000
  -13.356000     9.890000
  -13.346000     9.880000
  -13.336000     9.860000
  -13.326000     9.840000
  -13.316000     9.820000
  -13.306000     9.800000
  -13.296000     9.770000
  -13.286000     9.740000
  -13.276000     9.710000
  -13.266000     9.680000
  -13.256000     9.640000
  -13.246000     9.600000
  -13.236000     9.560000
  -13.226000     9.510000
  -13.216000     9.460000
  -13.206000     9.410000
  -13.196000     9.360000
  -13.186000     9.300000
  -13.176000     9.240000
  -13.166000     9.180000
  -13.156000     9.120000
  -13.146000     9.050000
  -13.136000     8.980000
  -13.126000     8.910000
  -13.116000     8.840000
  -13.106000     8.770000
  -13.096000     8.690000
  -13.086000     8.610000
  -13.076000     8.530000
  -13.066000     8.440000
  -13.056000     8.360000
  -13.046000     8.270000
  -13.036000     8.180000
  -13.026000     8.080000
  -13.016000     7.990000
  -13.006000     7.890000
  -12.996000     7.790000
  -12.986000     7.690000
  -12.976000     7.590000
  -12.966000     7.490000
  -12.956000     7.380000
  -12.946000     7.270000
  -12.936000     7.160000
  -12.926000     7.050000
  -12.916000     6.940000
  -12.906000     6.830000
  -12.896000     6.710000
  -12.886000     6.600000
  -12.876000     6.480000
  -12.866000     6.360000
  -12.856000     6.240000
  -12.846000     6.120000
  -12.836000     6.000000
  -12.826000     5.880000
  -12.816000     5.760000
  -12.806000     5.630000
  -12.796000     5.510000
  -12.786000     5.380000
  -12.776000     5.260000
  -12.766000     5.130000
  -12.756000     5.010000
  -12.746000     4.880000
  -12.736000     4.750000
  -12.726000     4.630000
  -12.716000     4.500000
  -12.706000     4.370000
  -12.696000     4.250000
  -12.686000     4.120000
  -12.676000     4.000000
  -12.666000     3.870000
  -12.656000     3.750000
  -12.646000     3.620000
  -12.636000     3.500000
  -12.626000     3.380000
  -12.616000     3.260000
  -12.606000     3.130000
  -12.596000     3.020000
  -12.586000     2.900000
  -12.576000     2.780000
  -12.566000     2.660000
  -12.556000     2.550000
  -12.546000     2.440000
  -12.536000     2.320000
  -12.526000     2.210000
  -12.516000     2.100000
  -12.506000     2.000000
  -12.496000     1.890000
  -12.486000     1.790000
  -12.476000     1.690000
  -12.466000     1.590000
  -12.456000     1.490000
  -12.446000     1.390000
  -12.436000     1.300000
  -12.426000     1.210000
  -12.416000     1.120000
  -12.406000     1.030000
  -12.396000     0.944000
  -12.386000     0.861000
  -12.376000     0.780000
  -12.366000     0.702000
  -12.356000     0.626000
  -12.346000     0.552000
  -12.336000     0.481000
  -12.326000     0.412000
  -12.316000     0.345000
  -12.306000     0.281000
  -12.296000     0.220000
  -12.286000     0.161000
  -12.276000     0.105000
  -12.266000     0.051000
  -12.256000    -0.000299
  -12.246000    -0.049000
  -12.236000    -0.095100
  -12.226000    -0.139000
  -12.216000    -0.179000
  -12.206000    -0.218000
  -12.196000    -0.253000
  -12.186000    -0.287000
  -12.176000    -0.317000
  -12.166000    -0.345000
  -12.156000    -0.370000
  -12.146000    -0.393000
  -12.136000    -0.413000
  -12.126000    -0.430000
  -12.116000    -0.445000
  -12.106000    -0.457000
  -12.096000    -0.466000
  -12.086000    -0.473000
  -12.076000    -0.478000
  -12.066000    -0.479000
  -12.056000    -0.478000
  -12.046000    -0.475000
  -12.036000    -0.469000
  -12.026000    -0.461000
  -12.016000    -0.450000
  -12.006000    -0.436000
  -11.996000    -0.420000
  -11.986000    -0.401000
  -11.976000    -0.380000
  -11.966000    -0.357000
  -11.956000    -0.331000
  -11.946000    -0.302000
  -11.936000    -0.271000
  -11.926000    -0.238000
  -11.916000    -0.203000
  -11.906000    -0.165000
  -11.896000    -0.124000
  -11.886000    -0.081800
  -11.876000    -0.036900
  -11.866000     0.010100
  -11.856000     0.059400
  -11.846000     0.111000
  -11.836000     0.164000
  -11.826000     0.220000
  -11.816000     0.278000
  -11.806000     0.338000
  -11.796000     0.399000
  -11.786000     0.463000
  -11.776000     0.529000
  -11.766000     0.596000
  -11.756000     0.665000
  -11.746000     0.736000
  -11.736000     0.809000
  -11.726000     0.883000
  -11.716000     0.959000
  -11.706000     1.040000
  -11.696000     1.110000
  -11.686000     1.190000
  -11.676000     1.280000
  -11.666000     1.360000
  -11.656000     1.440000
  -11.646000     1.530000
  -11.636000     1.610000
  -11.626000     1.700000
  -11.616000     1.790000
  -11.606000     1.880000
  -11.596000     1.960000
  -11.586000     2.050000
  -11.576000     2.140000
  -11.566000     2.230000
  -11.556000     2.320000
  -11.546000     2.420000
  -11.536000     2.510000
  -11.526000     2.600000
  -11.516000     2.690000
  -11.506000     2.780000
  -11.496000     2.870000
  -11.486000     2.960000
  -11.476000     3.050000
  -11.466000     3.140000
  -11.456000     3.230000
  -11.446000     3.320000
  -11.436000     3.400000
  -11.426000     3.490000
  -11.416000     3.580000
  -11.406000     3.660000
  -11.396000     3.750000
  -11.386000     3.830000
  -11.376000     3.910000
  -11.366000     3.990000
  -11.356000     4.070000
  -11.346000     4.150000
  -11.336000     4.220000
  -11.326000     4.300000
  -11.316000     4.370000
  -11.306000     4.440000
  -11.296000     4.510000
  -11.286000     4.580000
  -11.276000     4.650000
  -11.266000     4.710000
  -11.256000     4.770000
  -11.246000     4.830000
  -11.236000     4.890000
  -11.226000     4.950000
  -11.216000     5.000000
  -11.206000     5.060000
  -11.196000     5.110000
  -11.186000     5.160000
  -11.176000     5.210000
  -11.166000     5.250000
  -11.156000     5.300000
  -11.146000     5.340000
  -11.136000     5.380000
  -11.126000     5.420000
  -11.116000     5.450000
  -11.106000     5.490000
  -11.096000     5.520000
  -11.086000     5.550000
  -11.076000     5.580000
  -11.066000     5.610000
  -11.056000     5.630000
  -11.046000     5.660000
  -11.036000     5.680000
  -11.026000     5.700000
  -11.016000     5.720000
  -11.006000     5.740000
  -10.996000     5.750000
  -10.986000     5.770000
  -10.976000     5.780000
  -10.966000     5.800000
  -10.956000     5.810000
  -10.946000     5.820000
  -10.936000     5.820000
  -10.926000     5.830000
  -10.916000     5.840000
  -10.906000     5.840000
  -10.896000     5.850000
  -10.886000     5.850000
  -10.876000     5.850000
  -10.866000     5.850000
  -10.856000     5.850000
  -10.846000     5.850000
  -10.836000     5.850000
  -10.826000     5.840000
  -10.816000     5.840000
  -10.806000     5.830000
  -10.796000     5.830000
  -10.786000     5.820000
  -10.776000     5.810000
  -10.766000     5.800000
  -10.756000     5.790000
  -10.746000     5.780000
  -10.736000     5.770000
  -10.726000     5.750000
  -10.716000     5.740000
  -10.706000     5.720000
  -10.696000     5.710000
  -10.686000     5.690000
  -10.676000     5.670000
  -10.666000     5.650000
  -10.656000     5.630000
  -10.646000     5.600000
  -10.636000     5.580000
  -10.626000     5.550000
  -10.616000     5.530000
  -10.606000     5.500000
  -10.596000     5.470000
  -10.586000     5.440000
  -10.576000     5.410000
  -10.566000     5.370000
  -10.556000     5.340000
  -10.546000     5.300000
  -10.536000     5.260000
  -10.526000     5.220000
  -10.516000     5.180000
  -10.506000     5.140000
  -10.496000     5.090000
  -10.486000     5.050000
  -10.476000     5.000000
  -10.466000     4.950000
  -10.456000     4.900000
  -10.446000     4.850000
  -10.436000     4.800000
  -10.426000     4.740000
  -10.416000     4.680000
  -10.406000     4.630000
  -10.396000     4.570000
  -10.386000     4.510000
  -10.376000     4.450000
  -10.366000     4.380000
  -10.356000     4.320000
  -10.346000     4.260000
  -10.336000     4.190000
  -10.326000     4.120000
  -10.316000     4.060000
  -10.306000     3.990000
  -10.296000     3.920000
  -10.286000     3.850000
  -10.276000     3.780000
  -10.266000     3.720000
  -10.256000     3.650000
  -10.246000     3.580000
  -10.236000     3.510000
  -10.226000     3.440000
  -10.216000     3.380000
  -10.206000     3.310000
  -10.196000     3.240000
  -10.186000     3.180000
  -10.176000     3.120000
  -10.166000     3.050000
  -10.156000     2.990000
  -10.146000     2.940000
  -10.136000     2.880000
  -10.126000     2.830000
  -10.116000     2.770000
  -10.106000     2.730000
  -10.096000     2.680000
  -10.086000     2.640000
  -10.076000     2.590000
  -10.066000     2.560000
  -10.056000     2.520000
  -10.046000     2.490000
  -10.036000     2.470000
  -10.026000     2.440000
  -10.016000     2.420000
  -10.006000     2.410000
   -9.996000     2.400000
   -9.986000     2.390000
   -9.976000     2.390000
   -9.966000     2.400000
   -9.956000     2.400000
   -9.946000     2.420000
   -9.936000     2.440000
   -9.926000     2.460000
   -9.916000     2.490000
   -9.906000     2.520000
   -9.896000     2.560000
   -9.886000     2.610000
   -9.876000     2.660000
   -9.866000     2.720000
   -9.856000     2.780000
   -9.846000     2.850000
   -9.836000     2.920000
   -9.826000     3.000000
   -9.816000     3.090000
   -9.806000     3.180000
   -9.796000     3.270000
   -9.786000     3.370000
   -9.776000     3.480000
   -9.766000     3.590000
   -9.756000     3.710000
   -9.746000     3.840000
   -9.736000     3.960000
   -9.726000     4.100000
   -9.716000     4.240000
   -9.706000     4.380000
   -9.696000     4.530000
   -9.686000     4.680000
   -9.676000     4.840000
   -9.666000     5.000000
   -9.656000     5.160000
   -9.646000     5.330000
   -9.636000     5.510000
   -9.626000     5.680000
   -9.616000     5.860000
   -9.606000     6.040000
   -9.596000     6.230000
   -9.586000     6.420000
   -9.576000     6.610000
   -9.566000     6.800000
   -9.556000     6.990000
   -9.546000     7.190000
   -9.536000     7.390000
   -9.526000     7.580000
   -9.516000     7.780000
   -9.506000     7.980000
   -9.496000     8.180000
   -9.486000     8.380000
   -9.476000     8.590000
   -9.466000     8.790000
   -9.456000     8.990000
   -9.446000     9.180000
   -9.436000     9.380000
   -9.426000     9.580000
   -9.416000     9.780000
   -9.406000     9.970000
   -9.396000    10.200000
   -9.386000    10.400000
   -9.376000    10.500000
   -9.366000    10.700000
   -9.356000    10.900000
   -9.346000    11.100000
   -9.336000    11.300000
   -9.326000    11.400000
   -9.316000    11.600000
   -9.306000    11.800000
   -9.296000    11.900000
   -9.286000    12.100000
   -9.276000    12.300000
   -9.266000    12.400000
   -9.256000    12.600000
   -9.246000    12.700000
   -9.236000    12.900000
   -9.226000    13.000000
   -9.216000    13.100000
   -9.206000    13.300000
   -9.196000    13.400000
   -9.186000    13.500000
   -9.176000    13.600000
   -9.166000    13.700000
   -9.156000    13.800000
   -9.146000    13.900000
   -9.136000    14.000000
   -9.126000    14.100000
   -9.116000    14.200000
   -9.106000    14.300000
   -9.096000    14.400000
   -9.086000    14.500000
   -9.076000    14.600000
   -9.066000    14.600000
   -9.056000    14.700000
   -9.046000    14.800000
   -9.036000    14.900000
   -9.026000    14.900000
   -9.016000    15.000000
   -9.006000    15.000000
   -8.996000    15.100000
   -8.986000    15.100000
   -8.976000    15.200000
   -8.966000    15.200000
   -8.956000    15.300000
   -8.946000    15.300000
   -8.936000    15.400000
   -8.926000    15.400000
   -8.916000    15.400000
   -8.906000    15.500000
   -8.896000    15.500000
   -8.886000    15.600000
   -8.876000    15.600000
   -8.866000    15.600000
   -8.856000    15.600000
   -8.846000    15.700000
   -8.836000    15.700000
   -8.826000    15.700000
   -8.816000    15.800000
   -8.806000    15.800000
   -8.796000    15.800000
   -8.786000    15.800000
   -8.776000    15.900000
   -8.766000    15.900000
   -8.756000    15.900000
   -8.746000    15.900000
   -8.736000    16.000000
   -8.726000    16.000000
   -8.716000    16.000000
   -8.706000    16.000000
   -8.696000    16.100000
   -8.686000    16.100000
   -8.676000    16.100000
   -8.666000    16.100000
   -8.656000    16.100000
   -8.646000    16.200000
   -8.636000    16.200000
   -8.626000    16.200000
   -8.616000    16.200000
   -8.606000    16.200000
   -8.596000    16.200000
   -8.586000    16.300000
   -8.576000    16.300000
   -8.566000    16.300000
   -8.556000    16.300000
   -8.546000    16.300000
   -8.536000    16.300000
   -8.526000    16.300000
   -8.516000    16.300000
   -8.506000    16.300000
   -8.496000    16.300000
   -8.486000    16.300000
   -8.476000    16.300000
   -8.466000    16.300000
   -8.456000    16.300000
   -8.446000    16.300000
   -8.436000    16.300000
   -8.426000    16.300000
   -8.416000    16.300000
   -8.406000    16.200000
   -8.396000    16.200000
   -8.386000    16.200000
   -8.376000    16.100000
   -8.366000    16.100000
   -8.356000    16.100000
   -8.346000    16.000000
   -8.336000    16.000000
   -8.326000    15.900000
   -8.316000    15.900000
   -8.306000    15.800000
   -8.296000    15.800000
   -8.286000    15.700000
   -8.276000    15.700000
   -8.266000    15.600000
   -8.256000    15.500000
   -8.246000    15.500000
   -8.236000    15.400000
   -8.226000    15.300000
   -8.216000    15.200000
   -8.206000    15.100000
   -8.196000    15.000000
   -8.186000    15.000000
   -8.176000    14.900000
   -8.166000    14.800000
   -8.156000    14.700000
   -8.146000    14.600000
   -8.136000    14.500000
   -8.126000    14.300000
   -8.116000    14.200000
   -8.106000    14.100000
   -8.096000    14.000000
   -8.086000    13.900000
   -8.076000    13.800000
   -8.066000    13.700000
   -8.056000    13.500000
   -8.046000    13.400000
   -8.036000    13.300000
   -8.026000    13.200000
   -8.016000    13.000000
   -8.006000    12.900000
   -7.996000    12.800000
   -7.986000    12.700000
   -7.976000    12.500000
   -7.966000    12.400000
   -7.956000    12.300000
   -7.946000    12.100000
   -7.936000    12.000000
   -7.926000    11.900000
   -7.916000    11.800000
   -7.906000    11.600000
   -7.896000    11.500000
   -7.886000    11.400000
   -7.876000    11.300000
   -7.866000    11.200000
   -7.856000    11.000000
   -7.846000    10.900000
   -7.836000    10.800000
   -7.826000    10.700000
   -7.816000    10.600000
   -7.806000    10.500000
   -7.796000    10.400000
   -7.786000    10.300000
   -7.776000    10.200000
   -7.766000    10.100000
   -7.756000     9.980000
   -7.746000     9.890000
   -7.736000     9.800000
   -7.726000     9.710000
   -7.716000     9.630000
   -7.706000     9.550000
   -7.696000     9.470000
   -7.686000     9.390000
   -7.676000     9.320000
   -7.666000     9.260000
   -7.656000     9.190000
   -7.646000     9.130000
   -7.636000     9.070000
   -7.626000     9.020000
   -7.616000     8.960000
   -7.606000     8.920000
   -7.596000     8.870000
   -7.586000     8.830000
   -7.576000     8.790000
   -7.566000     8.760000
   -7.556000     8.720000
   -7.546000     8.690000
   -7.536000     8.670000
   -7.526000     8.650000
   -7.516000     8.630000
   -7.506000     8.610000
   -7.496000     8.590000
   -7.486000     8.580000
   -7.476000     8.580000
   -7.466000     8.570000
   -7.456000     8.570000
   -7.446000     8.570000
   -7.436000     8.570000
   -7.426000     8.580000
   -7.416000     8.580000
   -7.406000     8.600000
   -7.396000     8.610000
   -7.386000     8.620000
   -7.376000     8.640000
   -7.366000     8.660000
   -7.356000     8.680000
   -7.346000     8.710000
   -7.336000     8.740000
   -7.326000     8.770000
   -7.316000     8.800000
   -7.306000     8.830000
   -7.296000     8.860000
   -7.286000     8.900000
   -7.276000     8.940000
   -7.266000     8.980000
   -7.256000     9.020000
   -7.246000     9.070000
   -7.236000     9.110000
   -7.226000     9.160000
   -7.216000     9.210000
   -7.206000     9.260000
   -7.196000     9.310000
   -7.186000     9.370000
   -7.176000     9.420000
   -7.166000     9.480000
   -7.156000     9.540000
   -7.146000     9.600000
   -7.136000     9.660000
   -7.126000     9.720000
   -7.116000     9.790000
   -7.106000     9.850000
   -7.096000     9.920000
   -7.086000     9.990000
   -7.076000    10.100000
   -7.066000    10.100000
   -7.056000    10.200000
   -7.046000    10.300000
   -7.036000    10.400000
   -7.026000    10.400000
   -7.016000    10.500000
   -7.006000    10.600000
   -6.996000    10.700000
   -6.986000    10.700000
   -6.976000    10.800000
   -6.966000    10.900000
   -6.956000    11.000000
   -6.946000    11.100000
   -6.936000    11.200000
   -6.926000    11.300000
   -6.916000    11.300000
   -6.906000    11.400000
   -6.896000    11.500000
   -6.886000    11.600000
   -6.876000    11.700000
   -6.866000    11.800000
   -6.856000    11.900000
   -6.846000    12.000000
   -6.836000    12.100000
   -6.826000    12.200000
   -6.816000    12.300000
   -6.806000    12.400000
   -6.796000    12.500000
   -6.786000    12.600000
   -6.776000    12.700000
   -6.766000    12.800000
   -6.756000    12.900000
   -6.746000    12.900000
   -6.736000    13.000000
   -6.726000    13.100000
   -6.716000    13.200000
   -6.706000    13.300000
   -6.696000    13.400000
   -6.686000    13.500000
   -6.676000    13.600000
   -6.666000    13.700000
   -6.656000    13.800000
   -6.646000    13.900000
   -6.636000    14.000000
   -6.626000    14.000000
   -6.616000    14.100000
   -6.606000    14.200000
   -6.596000    14.300000
   -6.586000    14.400000
   -6.576000    14.500000
   -6.566000    14.500000
   -6.556000    14.600000
   -6.546000    14.700000
   -6.536000    14.800000
   -6.526000    14.800000
   -6.516000    14.900000
   -6.506000    15.000000
   -6.496000    15.000000
   -6.486000    15.100000
   -6.476000    15.100000
   -6.466000    15.200000
   -6.456000    15.200000
   -6.446000    15.300000
   -6.436000    15.300000
   -6.426000    15.400000
   -6.416000    15.400000
   -6.406000    15.500000
   -6.396000    15.500000
   -6.386000    15.500000
   -6.376000    15.600000
   -6.366000    15.600000
   -6.356000    15.600000
   -6.346000    15.700000
   -6.336000    15.700000
   -6.326000    15.700000
   -6.316000    15.700000
   -6.306000    15.800000
   -6.296000    15.800000
   -6.286000    15.800000
   -6.276000    15.800000
   -6.266000    15.800000
   -6.256000    15.800000
   -6.246000    15.800000
   -6.236000    15.900000
   -6.226000    15.900000
   -6.216000    15.900000
   -6.206000    15.900000
   -6.196000    15.900000
   -6.186000    15.900000
   -6.176000    15.900000
   -6.166000    15.900000
   -6.156000    15.900000
   -6.146000    15.900000
   -6.136000    15.900000
   -6.126000    15.900000
   -6.116000    15.900000
   -6.106000    15.900000
   -6.096000    15.900000
   -6.086000    15.900000
   -6.076000    15.900000
   -6.066000    15.900000
   -6.056000    15.900000
   -6.046000    15.900000
   -6.036000    15.900000
   -6.026000    15.900000
   -6.016000    16.000000
   -6.006000    16.000000
   -5.996000    16.000000
   -5.986000    16.000000
   -5.976000    16.000000
   -5.966000    16.000000
   -5.956000    16.000000
   -5.946000    16.000000
   -5.936000    16.000000
   -5.926000    16.000000
   -5.916000    16.100000
   -5.906000    16.100000
   -5.896000    16.100000
   -5.886000    16.100000
   -5.876000    16.100000
   -5.866000    16.100000
   -5.856000    16.200000
   -5.846000    16.200000
   -5.836000    16.200000
   -5.826000    16.200000
   -5.816000    16.200000
   -5.806000    16.200000
   -5.796000    16.300000
   -5.786000    16.300000
   -5.776000    16.300000
   -5.766000    16.300000
   -5.756000    16.300000
   -5.746000    16.300000
   -5.736000    16.400000
   -5.726000    16.400000
   -5.716000    16.400000
   -5.706000    16.400000
   -5.696000    16.400000
   -5.686000    16.400000
   -5.676000    16.400000
   -5.666000    16.400000
   -5.656000    16.400000
   -5.646000    16.400000
   -5.636000    16.400000
   -5.626000    16.400000
   -5.616000    16.400000
   -5.606000    16.400000
   -5.596000    16.400000
   -5.586000    16.400000
   -5.576000    16.400000
   -5.566000    16.400000
   -5.556000    16.400000
   -5.546000    16.400000
   -5.536000    16.300000
   -5.526000    16.300000
   -5.516000    16.300000
   -5.506000    16.300000
   -5.496000    16.300000
   -5.486000    16.200000
   -5.476000    16.200000
   -5.466000    16.200000
   -5.456000    16.100000
   -5.446000    16.100000
   -5.436000    16.100000
   -5.426000    16.000000
   -5.416000    16.000000
   -5.406000    16.000000
   -5.396000    15.900000
   -5.386000    15.900000
   -5.376000    15.900000
   -5.366000    15.900000
   -5.356000    15.800000
   -5.346000    15.800000
   -5.336000    15.800000
   -5.326000    15.800000
   -5.316000    15.700000
   -5.306000    15.700000
   -5.296000    15.700000
   -5.286000    15.700000
   -5.276000    15.700000
   -5.266000    15.700000
   -5.256000    15.700000
   -5.246000    15.700000
   -5.236000    15.700000
   -5.226000    15.700000
   -5.216000    15.800000
   -5.206000    15.800000
   -5.196000    15.900000
   -5.186000    15.900000
   -5.176000    16.000000
   -5.166000    16.000000
   -5.156000    16.100000
   -5.146000    16.200000
   -5.136000    16.300000
   -5.126000    16.400000
   -5.116000    16.500000
   -5.106000    16.700000
   -5.096000    16.800000
   -5.086000    17.000000
   -5.076000    17.200000
   -5.066000    17.300000
   -5.056000    17.500000
   -5.046000    17.800000
   -5.036000    18.000000
   -5.026000    18.200000
   -5.016000    18.500000
   -5.006000    18.800000
   -4.996000    19.100000
   -4.986000    19.400000
   -4.976000    19.700000
   -4.966000    20.000000
   -4.956000    20.400000
   -4.946000    20.800000
   -4.936000    21.200000
   -4.926000    21.600000
   -4.916000    22.000000
   -4.906000    22.500000
   -4.896000    22.900000
   -4.886000    23.400000
   -4.876000    23.900000
   -4.866000    24.500000
   -4.856000    25.000000
   -4.846000    25.600000
   -4.836000    26.100000
   -4.826000    26.700000
   -4.816000    27.400000
   -4.806000    28.000000
   -4.796000    28.600000
   -4.786000    29.300000
   -4.776000    30.000000
   -4.766000    30.700000
   -4.756000    31.400000
   -4.746000    32.200000
   -4.736000    32.900000
   -4.726000    33.700000
   -4.716000    34.400000
   -4.706000    35.200000
   -4.696000    36.100000
   -4.686000    36.900000
   -4.676000    37.700000
   -4.666000    38.600000
   -4.656000    39.400000
   -4.646000    40.300000
   -4.636000    41.200000
   -4.626000    42.100000
   -4.616000    43.000000
   -4.606000    43.900000
   -4.596000    44.800000
   -4.586000    45.700000
   -4.576000    46.600000
   -4.566000    47.600000
   -4.556000    48.500000
   -4.546000    49.500000
   -4.536000    50.400000
   -4.526000    51.300000
   -4.516000    52.300000
   -4.506000    53.200000
   -4.496000    54.200000
   -4.486000    55.100000
   -4.476000    56.000000
   -4.466000    57.000000
   -4.456000    57.900000
   -4.446000    58.800000
   -4.436000    59.700000
   -4.426000    60.600000
   -4.416000    61.500000
   -4.406000    62.400000
   -4.396000    63.300000
   -4.386000    64.100000
   -4.376000    65.000000
   -4.366000    65.800000
   -4.356000    66.600000
   -4.346000    67.400000
   -4.336000    68.200000
   -4.326000    69.000000
   -4.316000    69.700000
   -4.306000    70.400000
   -4.296000    71.100000
   -4.286000    71.800000
   -4.276000    72.500000
   -4.266000    73.100000
   -4.256000    73.700000
   -4.246000    74.300000
   -4.236000    74.900000
   -4.226000    75.400000
   -4.216000    75.900000
   -4.206000    76.400000
   -4.196000    76.800000
   -4.186000    77.300000
   -4.176000    77.700000
   -4.166000    78.000000
   -4.156000    78.400000
   -4.146000    78.700000
   -4.136000    78.900000
   -4.126000    79.200000
   -4.116000    79.400000
   -4.106000    79.600000
   -4.096000    79.700000
   -4.086000    79.900000
   -4.076000    79.900000
   -4.066000    80.000000
   -4.056000    80.000000
   -4.046000    80.000000
   -4.036000    80.000000
   -4.026000    79.900000
   -4.016000    79.800000
   -4.006000    79.700000
   -3.996000    79.500000
   -3.986000    79.300000
   -3.976000    79.100000
   -3.966000    78.900000
   -3.956000    78.600000
   -3.946000    78.300000
   -3.936000    77.900000
   -3.926000    77.600000
   -3.916000    77.200000
   -3.906000    76.800000
   -3.896000    76.300000
   -3.886000    75.900000
   -3.876000    75.400000
   -3.866000    74.800000
   -3.856000    74.300000
   -3.846000    73.700000
   -3.836000    73.100000
   -3.826000    72.500000
   -3.816000    71.900000
   -3.806000    71.300000
   -3.796000    70.600000
   -3.786000    69.900000
   -3.776000    69.200000
   -3.766000    68.500000
   -3.756000    67.700000
   -3.746000    67.000000
   -3.736000    66.200000
   -3.726000    65.500000
   -3.716000    64.700000
   -3.706000    63.900000
   -3.696000    63.100000
   -3.686000    62.200000
   -3.676000    61.400000
   -3.666000    60.600000
   -3.656000    59.700000
   -3.646000    58.900000
   -3.636000    58.000000
   -3.626000    57.200000
   -3.616000    56.300000
   -3.606000    55.400000
   -3.596000    54.600000
   -3.586000    53.700000
   -3.576000    52.800000
   -3.566000    52.000000
   -3.556000    51.100000
   -3.546000    50.200000
   -3.536000    49.400000
   -3.526000    48.500000
   -3.516000    47.600000
   -3.506000    46.800000
   -3.496000    45.900000
   -3.486000    45.100000
   -3.476000    44.300000
   -3.466000    43.400000
   -3.456000    42.600000
   -3.446000    41.800000
   -3.436000    41.000000
   -3.426000    40.200000
   -3.416000    39.400000
   -3.406000    38.600000
   -3.396000    37.900000
   -3.386000    37.100000
   -3.376000    36.400000
   -3.366000    35.600000
   -3.356000    34.900000
   -3.346000    34.200000
   -3.336000    33.500000
   -3.326000    32.800000
   -3.316000    32.100000
   -3.306000    31.500000
   -3.296000    30.800000
   -3.286000    30.200000
   -3.276000    29.500000
   -3.266000    28.900000
   -3.256000    28.300000
   -3.246000    27.800000
   -3.236000    27.200000
   -3.226000    26.600000
   -3.216000    26.100000
   -3.206000    25.600000
   -3.196000    25.100000
   -3.186000    24.600000
   -3.176000    24.100000
   -3.166000    23.600000
   -3.156000    23.100000
   -3.146000    22.700000
   -3.136000    22.300000
   -3.126000    21.800000
   -3.116000    21.400000
   -3.106000    21.000000
   -3.096000    20.700000
   -3.086000    20.300000
   -3.076000    19.900000
   -3.066000    19.600000
   -3.056000    19.300000
   -3.046000    18.900000
   -3.036000    18.600000
   -3.026000    18.300000
   -3.016000    18.100000
   -3.006000    17.800000
   -2.996000    17.500000
   -2.986000    17.300000
   -2.976000    17.000000
   -2.966000    16.800000
   -2.956000    16.600000
   -2.946000    16.400000
   -2.936000    16.200000
   -2.926000    16.000000
   -2.916000    15.800000
   -2.906000    15.700000
   -2.896000    15.500000
   -2.886000    15.400000
   -2.876000    15.200000
   -2.866000    15.100000
   -2.856000    14.900000
   -2.846000    14.800000
   -2.836000    14.700000
   -2.826000    14.600000
   -2.816000    14.500000
   -2.806000    14.400000
   -2.796000    14.300000
   -2.786000    14.300000
   -2.776000    14.200000
   -2.766000    14.100000
   -2.756000    14.100000
   -2.746000    14.000000
   -2.736000    14.000000
   -2.726000    13.900000
   -2.716000    13.900000
   -2.706000    13.900000
   -2.696000    13.800000
   -2.686000    13.800000
   -2.676000    13.800000
   -2.666000    13.800000
   -2.656000    13.800000
   -2.646000    13.800000
   -2.636000    13.800000
   -2.626000    13.800000
   -2.616000    13.800000
   -2.606000    13.800000
   -2.596000    13.800000
   -2.586000    13.900000
   -2.576000    13.900000
   -2.566000    13.900000
   -2.556000    13.900000
   -2.546000    14.000000
   -2.536000    14.000000
   -2.526000    14.000000
   -2.516000    14.100000
   -2.506000    14.100000
   -2.496000    14.200000
   -2.486000    14.200000
   -2.476000    14.300000
   -2.466000    14.300000
   -2.456000    14.400000
   -2.446000    14.400000
   -2.436000    14.500000
   -2.426000    14.500000
   -2.416000    14.600000
   -2.406000    14.700000
   -2.396000    14.700000
   -2.386000    14.800000
   -2.376000    14.800000
   -2.366000    14.900000
   -2.356000    15.000000
   -2.346000    15.000000
   -2.336000    15.100000
   -2.326000    15.200000
   -2.316000    15.200000
   -2.306000    15.300000
   -2.296000    15.400000
   -2.286000    15.400000
   -2.276000    15.500000
   -2.266000    15.600000
   -2.256000    15.600000
   -2.246000    15.700000
   -2.236000    15.800000
   -2.226000    15.800000
   -2.216000    15.900000
   -2.206000    16.000000
   -2.196000    16.000000
   -2.186000    16.100000
   -2.176000    16.100000
   -2.166000    16.200000
   -2.156000    16.200000
   -2.146000    16.300000
   -2.136000    16.300000
   -2.126000    16.400000
   -2.116000    16.400000
   -2.106000    16.400000
   -2.096000    16.500000
   -2.086000    16.500000
   -2.076000    16.500000
   -2.066000    16.600000
   -2.056000    16.600000
   -2.046000    16.600000
   -2.036000    16.600000
   -2.026000    16.600000
   -2.016000    16.600000
   -2.006000    16.600000
   -1.996000    16.600000
   -1.986000    16.600000
   -1.976000    16.600000
   -1.966000    16.600000
   -1.956000    16.600000
   -1.946000    16.600000
   -1.936000    16.600000
   -1.926000    16.600000
   -1.916000    16.500000
   -1.906000    16.500000
   -1.896000    16.500000
   -1.886000    16.400000
   -1.876000    16.400000
   -1.866000    16.300000
   -1.856000    16.300000
   -1.846000    16.200000
   -1.836000    16.200000
   -1.826000    16.100000
   -1.816000    16.100000
   -1.806000    16.000000
   -1.796000    15.900000
   -1.786000    15.900000
   -1.776000    15.800000
   -1.766000    15.700000
   -1.756000    15.600000
   -1.746000    15.600000
   -1.736000    15.500000
   -1.726000    15.400000
   -1.716000    15.300000
   -1.706000    15.200000
   -1.696000    15.100000
   -1.686000    15.000000
   -1.676000    15.000000
   -1.666000    14.900000
   -1.656000    14.800000
   -1.646000    14.700000
   -1.636000    14.600000
   -1.626000    14.500000
   -1.616000    14.400000
   -1.606000    14.300000
   -1.596000    14.200000
   -1.586000    14.100000
   -1.576000    14.000000
   -1.566000    13.900000
   -1.556000    13.800000
   -1.546000    13.800000
   -1.536000    13.700000
   -1.526000    13.600000
   -1.516000    13.500000
   -1.506000    13.400000
   -1.496000    13.300000
   -1.486000    13.200000
   -1.476000    13.200000
   -1.466000    13.100000
   -1.456000    13.000000
   -1.446000    12.900000
   -1.436000    12.900000
   -1.426000    12.800000
   -1.416000    12.700000
   -1.406000    12.700000
   -1.396000    12.600000
   -1.386000    12.500000
   -1.376000    12.500000
   -1.366000    12.400000
   -1.356000    12.400000
   -1.346000    12.300000
   -1.336000    12.300000
   -1.326000    12.200000
   -1.316000    12.200000
   -1.306000    12.200000
   -1.296000    12.100000
   -1.286000    12.100000
   -1.276000    12.100000
   -1.266000    12.000000
   -1.256000    12.000000
   -1.246000    12.000000
   -1.236000    12.000000
   -1.226000    11.900000
   -1.216000    11.900000
   -1.206000    11.900000
   -1.196000    11.900000
   -1.186000    11.900000
   -1.176000    11.900000
   -1.166000    11.900000
   -1.156000    11.900000
   -1.146000    11.900000
   -1.136000    11.900000
   -1.126000    11.800000
   -1.116000    11.800000
   -1.106000    11.800000
   -1.096000    11.800000
   -1.086000    11.800000
   -1.076000    11.800000
   -1.066000    11.800000
   -1.056000    11.900000
   -1.046000    11.900000
   -1.036000    11.900000
   -1.026000    11.900000
   -1.016000    11.900000
   -1.006000    11.900000
   -0.996000    11.900000
   -0.986000    11.900000
   -0.976000    11.900000
   -0.966000    11.900000
   -0.956000    11.900000
   -0.946000    11.900000
   -0.936000    11.900000
   -0.926000    11.900000
   -0.916000    11.900000
   -0.906000    11.900000
   -0.896000    11.900000
   -0.886000    11.900000
   -0.876000    11.900000
   -0.866000    11.900000
   -0.856000    11.900000
   -0.846000    11.900000
   -0.836000    11.900000
   -0.826000    11.900000
   -0.816000    11.900000
   -0.806000    11.900000
   -0.796000    11.800000
   -0.786000    11.800000
   -0.776000    11.800000
   -0.766000    11.800000
   -0.756000    11.800000
   -0.746000    11.800000
   -0.736000    11.800000
   -0.726000    11.800000
   -0.716000    11.800000
   -0.706000    11.800000
   -0.696000    11.800000
   -0.686000    11.800000
   -0.676000    11.800000
   -0.666000    11.800000
   -0.656000    11.800000
   -0.646000    11.800000
   -0.636000    11.800000
   -0.626000    11.800000
   -0.616000    11.800000
   -0.606000    11.800000
   -0.596000    11.900000
   -0.586000    11.900000
   -0.576000    11.900000
   -0.566000    11.900000
   -0.556000    11.900000
   -0.546000    12.000000
   -0.536000    12.000000
   -0.526000    12.000000
   -0.516000    12.100000
   -0.506000    12.100000
   -0.496000    12.200000
   -0.486000    12.200000
   -0.476000    12.300000
   -0.466000    12.300000
   -0.456000    12.400000
   -0.446000    12.400000
   -0.436000    12.500000
   -0.426000    12.600000
   -0.416000    12.700000
   -0.406000    12.700000
   -0.396000    12.800000
   -0.386000    12.900000
   -0.376000    13.000000
   -0.366000    13.100000
   -0.356000    13.200000
   -0.346000    13.300000
   -0.336000    13.400000
   -0.326000    13.500000
   -0.316000    13.600000
   -0.306000    13.800000
   -0.296000    13.900000
   -0.286000    14.000000
   -0.276000    14.100000
   -0.266000    14.300000
   -0.256000    14.400000
   -0.246000    14.600000
   -0.236000    14.700000
   -0.226000    14.800000
   -0.216000    15.000000
   -0.206000    15.100000
   -0.196000    15.300000
   -0.186000    15.400000
   -0.176000    15.600000
   -0.166000    15.700000
   -0.156000    15.900000
   -0.146000    16.100000
   -0.136000    16.200000
   -0.126000    16.400000
   -0.116000    16.500000
   -0.106000    16.700000
   -0.096000    16.800000
   -0.086000    17.000000
   -0.076000    17.100000
   -0.066000    17.300000
   -0.056000    17.400000
   -0.046000    17.600000
   -0.036000    17.700000
   -0.026000    17.900000
   -0.016000    18.000000
   -0.006000    18.100000
    0.004000    18.300000
    0.014000    18.400000
    0.024000    18.500000
    0.034000    18.600000
    0.044000    18.700000
    0.054000    18.800000
    0.064000    18.900000
    0.074000    19.000000
    0.084000    19.100000
    0.094000    19.200000
    0.104000    19.300000
    0.114000    19.400000
    0.124000    19.400000
    0.134000    19.500000
    0.144000    19.500000
    0.154000    19.600000
    0.164000    19.600000
    0.174000    19.600000
    0.184000    19.700000
    0.194000    19.700000
    0.204000    19.700000
    0.214000    19.700000
    0.224000    19.700000
    0.234000    19.700000
    0.244000    19.700000
    0.254000    19.600000
    0.264000    19.600000
    0.274000    19.600000
    0.284000    19.500000
    0.294000    19.500000
    0.304000    19.400000
    0.314000    19.300000
    0.324000    19.300000
    0.334000    19.200000
    0.344000    19.100000
    0.354000    19.000000
    0.364000    18.900000
    0.374000    18.800000
    0.384000    18.700000
    0.394000    18.600000
    0.404000    18.400000
    0.414000    18.300000
    0.424000    18.200000
    0.434000    18.100000
    0.444000    17.900000
    0.454000    17.800000
    0.464000    17.600000
    0.474000    17.500000
    0.484000    17.300000
    0.494000    17.200000
    0.504000    17.000000
    0.514000    16.900000
    0.524000    16.700000
    0.534000    16.600000
    0.544000    16.400000
    0.554000    16.300000
    0.564000    16.100000
    0.574000    15.900000
    0.584000    15.800000
    0.594000    15.600000
    0.604000    15.500000
    0.614000    15.300000
    0.624000    15.200000
    0.634000    15.000000
    0.644000    14.900000
    0.654000    14.800000
    0.664000    14.600000
    0.674000    14.500000
    0.684000    14.300000
    0.694000    14.200000
    0.704000    14.100000
    0.714000    14.000000
    0.724000    13.900000
    0.734000    13.800000
    0.744000    13.700000
    0.754000    13.600000
    0.764000    13.500000
    0.774000    13.400000
    0.784000    13.300000
    0.794000    13.200000
    0.804000    13.200000
    0.814000    13.100000
    0.824000    13.100000
    0.834000    13.000000
    0.844000    13.000000
    0.854000    12.900000
    0.864000    12.900000
    0.874000    12.900000
    0.884000    12.900000
    0.894000    12.900000
    0.904000    12.900000
    0.914000    12.900000
    0.924000    12.900000
    0.934000    12.900000
    0.944000    13.000000
    0.954000    13.000000
    0.964000    13.100000
    0.974000    13.100000
    0.984000    13.200000
    0.994000    13.200000
    1.004000    13.300000
    1.014000    13.400000
    1.024000    13.500000
    1.034000    13.600000
    1.044000    13.700000
    1.054000    13.800000
    1.064000    13.900000
    1.074000    14.000000
    1.084000    14.100000
    1.094000    14.300000
    1.104000    14.400000
    1.114000    14.500000
    1.124000    14.700000
    1.134000    14.800000
    1.144000    15.000000
    1.154000    15.100000
    1.164000    15.300000
    1.174000    15.400000
    1.184000    15.600000
    1.194000    15.800000
    1.204000    15.900000
    1.214000    16.100000
    1.224000    16.300000
    1.234000    16.500000
    1.244000    16.700000
    1.254000    16.800000
    1.264000    17.000000
    1.274000    17.200000
    1.284000    17.400000
    1.294000    17.600000
    1.304000    17.800000
    1.314000    17.900000
    1.324000    18.100000
    1.334000    18.300000
    1.344000    18.500000
    1.354000    18.700000
    1.364000    18.900000
    1.374000    19.000000
    1.384000    19.200000
    1.394000    19.400000
    1.404000    19.600000
    1.414000    19.700000
    1.424000    19.900000
    1.434000    20.100000
    1.444000    20.200000
    1.454000    20.400000
    1.464000    20.600000
    1.474000    20.700000
    1.484000    20.900000
    1.494000    21.000000
    1.504000    21.100000
    1.514000    21.300000
    1.524000    21.400000
    1.534000    21.500000
    1.544000    21.700000
    1.554000    21.800000
    1.564000    21.900000
    1.574000    22.000000
    1.584000    22.100000
    1.594000    22.200000
    1.604000    22.300000
    1.614000    22.400000
    1.624000    22.500000
    1.634000    22.600000
    1.644000    22.700000
    1.654000    22.800000
    1.664000    22.800000
    1.674000    22.900000
    1.684000    23.000000
    1.694000    23.000000
    1.704000    23.100000
    1.714000    23.100000
    1.724000    23.200000
    1.734000    23.200000
    1.744000    23.200000
    1.754000    23.300000
    1.764000    23.300000
    1.774000    23.300000
    1.784000    23.400000
    1.794000    23.400000
    1.804000    23.400000
    1.814000    23.400000
    1.824000    23.400000
    1.834000    23.400000
    1.844000    23.400000
    1.854000    23.400000
    1.864000    23.400000
    1.874000    23.400000
    1.884000    23.400000
    1.894000    23.400000
    1.904000    23.400000
    1.914000    23.400000
    1.924000    23.400000
    1.934000    23.400000
    1.944000    23.400000
    1.954000    23.400000
    1.964000    23.400000
    1.974000    23.400000
    1.984000    23.400000
    1.994000    23.400000
    2.004000    23.400000
    2.014000    23.400000
    2.024000    23.400000
    2.034000    23.400000
    2.044000    23.400000
    2.054000    23.400000
    2.064000    23.400000
    2.074000    23.400000
    2.084000    23.400000
    2.094000    23.500000
    2.104000    23.500000
    2.114000    23.500000
    2.124000    23.500000
    2.134000    23.600000
    2.144000    23.600000
    2.154000    23.600000
    2.164000    23.700000
    2.174000    23.700000
    2.184000    23.800000
    2.194000    23.800000
    2.204000    23.900000
    2.214000    23.900000
    2.224000    24.000000
    2.234000    24.100000
    2.244000    24.200000
    2.254000    24.200000
    2.264000    24.300000
    2.274000    24.400000
    2.284000    24.500000
    2.294000    24.600000
    2.304000    24.700000
    2.314000    24.800000
    2.324000    24.900000
    2.334000    25.000000
    2.344000    25.200000
    2.354000    25.300000
    2.364000    25.400000
    2.374000    25.500000
    2.384000    25.700000
    2.394000    25.800000
    2.404000    25.900000
    2.414000    26.100000
    2.424000    26.200000
    2.434000    26.300000
    2.444000    26.500000
    2.454000    26.600000
    2.464000    26.800000
    2.474000    26.900000
    2.484000    27.100000
    2.494000    27.200000
    2.504000    27.400000
    2.514000    27.500000
    2.524000    27.700000
    2.534000    27.800000
    2.544000    28.000000
    2.554000    28.100000
    2.564000    28.200000
    2.574000    28.400000
    2.584000    28.500000
    2.594000    28.700000
    2.604000    28.800000
    2.614000    28.900000
    2.624000    29.000000
    2.634000    29.200000
    2.644000    29.300000
    2.654000    29.400000
    2.664000    29.500000
    2.674000    29.600000
    2.684000    29.700000
    2.694000    29.800000
    2.704000    29.900000
    2.714000    29.900000
    2.724000    30.000000
    2.734000    30.100000
    2.744000    30.100000
    2.754000    30.200000
    2.764000    30.200000
    2.774000    30.200000
    2.784000    30.200000
    2.794000    30.300000
    2.804000    30.300000
    2.814000    30.300000
    2.824000    30.200000
    2.834000    30.200000
    2.844000    30.200000
    2.854000    30.100000
    2.864000    30.100000
    2.874000    30.000000
    2.884000    29.900000
    2.894000    29.800000
    2.904000    29.700000
    2.914000    29.600000
    2.924000    29.500000
    2.934000    29.400000
    2.944000    29.200000
    2.954000    29.100000
    2.964000    28.900000
    2.974000    28.700000
    2.984000    28.500000
    2.994000    28.400000
    3.004000    28.100000
    3.014000    27.900000
    3.024000    27.700000
    3.034000    27.500000
    3.044000    27.200000
    3.054000    26.900000
    3.064000    26.700000
    3.074000    26.400000
    3.084000    26.100000
    3.094000    25.800000
    3.104000    25.500000
    3.114000    25.200000
    3.124000    24.900000
    3.134000    24.500000
    3.144000    24.200000
    3.154000    23.900000
    3.164000    23.500000
    3.174000    23.100000
    3.184000    22.800000
    3.194000    22.400000
    3.204000    22.000000
    3.214000    21.600000
    3.224000    21.200000
    3.234000    20.800000
    3.244000    20.400000
    3.254000    20.000000
    3.264000    19.600000
    3.274000    19.200000
    3.284000    18.800000
    3.294000    18.400000
    3.304000    17.900000
    3.314000    17.500000
    3.324000    17.100000
    3.334000    16.700000
    3.344000    16.200000
    3.354000    15.800000
    3.364000    15.400000
    3.374000    15.000000
    3.384000    14.500000
    3.394000    14.100000
    3.404000    13.700000
    3.414000    13.300000
    3.424000    12.800000
    3.434000    12.400000
    3.444000    12.000000
    3.454000    11.600000
    3.464000    11.200000
    3.474000    10.800000
    3.484000    10.400000
    3.494000    10.000000
    3.504000     9.610000
    3.514000     9.230000
    3.524000     8.850000
    3.534000     8.480000
    3.544000     8.110000
    3.554000     7.750000
    3.564000     7.400000
    3.574000     7.050000
    3.584000     6.710000
    3.594000     6.370000
    3.604000     6.050000
    3.614000     5.730000
    3.624000     5.410000
    3.634000     5.110000
    3.644000     4.810000
    3.654000     4.520000
    3.664000     4.240000
    3.674000     3.960000
    3.684000     3.690000
    3.694000     3.430000
    3.704000     3.180000
    3.714000     2.940000
    3.724000     2.700000
    3.734000     2.480000
    3.744000     2.260000
    3.754000     2.040000
    3.764000     1.840000
    3.774000     1.640000
    3.784000     1.450000
    3.794000     1.270000
    3.804000     1.100000
    3.814000     0.933000
    3.824000     0.775000
    3.834000     0.623000
    3.844000     0.479000
    3.854000     0.342000
    3.864000     0.212000
    3.874000     0.088500
    3.884000    -0.028100
    3.894000    -0.138000
    3.904000    -0.242000
    3.914000    -0.339000
    3.924000    -0.431000
    3.934000    -0.516000
    3.944000    -0.596000
    3.954000    -0.670000
    3.964000    -0.739000
    3.974000    -0.802000
    3.984000    -0.860000
    3.994000    -0.914000
    4.004000    -0.962000
    4.014000    -1.010000
    4.024000    -1.050000
    4.034000    -1.080000
    4.044000    -1.110000
    4.054000    -1.140000
    4.064000    -1.160000
    4.074000    -1.180000
    4.084000    -1.200000
    4.094000    -1.210000
    4.104000    -1.220000
    4.114000    -1.230000
    4.124000    -1.240000
    4.134000    -1.240000
    4.144000    -1.240000
    4.154000    -1.240000
    4.164000    -1.230000
    4.174000    -1.220000
    4.184000    -1.220000
    4.194000    -1.200000
    4.204000    -1.190000
    4.214000    -1.180000
    4.224000    -1.160000
    4.234000    -1.150000
    4.244000    -1.130000
    4.254000    -1.110000
    4.264000    -1.090000
    4.274000    -1.070000
    4.284000    -1.050000
    4.294000    -1.030000
    4.304000    -1.010000
    4.314000    -0.985000
    4.324000    -0.962000
    4.334000    -0.938000
    4.344000    -0.914000
    4.354000    -0.891000
    4.364000    -0.867000
    4.374000    -0.842000
    4.384000    -0.818000
    4.394000    -0.794000
    4.404000    -0.770000
    4.414000    -0.747000
    4.424000    -0.723000
    4.434000    -0.699000
    4.444000    -0.676000
    4.454000    -0.653000
    4.464000    -0.631000
    4.474000    -0.609000
    4.484000    -0.587000
    4.494000    -0.565000
    4.504000    -0.544000
    4.514000    -0.524000
    4.524000    -0.503000
    4.534000    -0.484000
    4.544000    -0.464000
    4.554000    -0.446000
    4.564000    -0.427000
    4.574000    -0.410000
    4.584000    -0.392000
    4.594000    -0.375000
    4.604000    -0.359000
    4.614000    -0.343000
    4.624000    -0.328000
    4.634000    -0.313000
    4.644000    -0.299000
    4.654000    -0.285000
    4.664000    -0.272000
    4.674000    -0.259000
    4.684000    -0.246000
    4.694000    -0.234000
    4.704000    -0.223000
    4.714000    -0.212000
    4.724000    -0.201000
    4.734000    -0.191000
    4.744000    -0.181000
    4.754000    -0.172000
    4.764000    -0.163000
    4.774000    -0.154000
    4.784000    -0.146000
    4.794000    -0.138000
    4.804000    -0.131000
    4.814000    -0.123000
    4.824000    -0.116000
    4.834000    -0.110000
    4.844000    -0.104000
    4.854000    -0.097900
    4.864000    -0.092200
    4.874000    -0.086900
    4.884000    -0.081800
    4.894000    -0.077000
    4.904000    -0.072400
    4.914000    -0.068100
    4.924000    -0.064000
    4.934000    -0.060100
    4.944000    -0.056400
    4.954000    -0.052900
    4.964000    -0.049600
    4.974000    -0.046500
    4.984000    -0.043500
    4.994000    -0.040800
    5.004000    -0.038100
    5.014000    -0.035700
    5.024000    -0.033300
    5.034000    -0.031200
    5.044000    -0.029100
    5.054000    -0.027200
    5.064000    -0.025300
    5.074000    -0.023600
    5.084000    -0.022000
    5.094000    -0.020500
    5.104000    -0.019100
    5.114000    -0.017800
    5.124000    -0.016500
    5.134000    -0.015400
    5.144000    -0.014300
    5.154000    -0.013300
    5.164000    -0.012300
    5.174000    -0.011400
    5.184000    -0.010600
    5.194000    -0.009820
    5.204000    -0.009100
    5.214000    -0.008430
    5.224000    -0.007800
    5.234000    -0.007220
    5.244000    -0.006670
    5.254000    -0.006170
    5.264000    -0.005700
    5.274000    -0.005260
    5.284000    -0.004860
    5.294000    -0.004480
