1 0.35363034673017263
2 0.024782222428161985
3 0.024782222633950086
4 0.28876826356064944
5 0.02478222215337005
6 0.0839423867088569
7 0.02478223503680127
8 0.12543339755151503
9 0.024782222273689362
10 0.06269636456680881
11 0.024782344967942245
12 0.14848473996532396
13 0.02478230263695604
14 0.1822089709257025
15 0.024788063587096072
16 0.2098540931637607
17 0.024999618967900775
18 0.13090189869444985
19 0.09597803137609355
20 0.033630674791361476
21 0.0739247238140763
22 0.13438815733158171
23 0.14313569500575804
24 0.12365917085767364
25 0.11254967882428085
26 0.06335605599743183
27 0.029285052642036135
28 0.0724310931107465
29 0.024846361113412818
30 0.03293319535459522
31 0.09863416882545095
32 0.13018479744843023
33 0.05583542579262428
34 0.12872210581525498
35 0.05398741410075711
36 0.1097573068703781
37 0.03691456809384734
38 0.02851336411913003
39 0.03279516201027762
40 0.0965122090883468
41 0.07250643889238755
42 0.07244416646416177
43 0.06950711202983119
44 0.04284400324432536
45 0.0486457241178061
46 0.07026235460342863
47 0.07677202790010151
48 0.08179801161177168
49 0.11174415266089276
50 0.1107826219697911
51 0.0582594934239976
52 0.13574780628449523
53 0.1363105143740556
54 0.0634242212520323
55 0.15307683457049992
56 0.10758904460253711
57 0.14074260369821848
58 0.05318448825421063
59 0.09131044357374721
60 0.23166560807694242
61 0.13066511085693738
62 0.12555237691898477
63 0.18595600855586683
64 0.12399889139597885
65 0.04244146752195345
66 0.1445301141408719
67 0.17613158323754236
68 0.154018159537939
69 0.08286582709160577
70 0.15759902952263008
71 0.13322704034995037
72 0.16326528306151972
73 0.10560513797946955
74 0.07342922653436652
75 0.16626205730403065
76 0.04519604725895161
77 0.24588768180781614
78 0.10787218267844553
79 0.15663633340120536
80 0.12858734177587589
81 0.12040113209462104
82 0.08589452977617687
83 0.1167168489471283
84 0.10670928586532236
85 0.20125239603210326
86 0.1590192084998304
87 0.10186475832604315
88 0.10173651740917253
89 0.060364425608305114
90 0.24452778945894715
91 0.13831109520163035
92 0.125236576605238
93 0.13175643628500988
94 0.2266702254768271
95 0.06970715231440547
96 0.12686724761401244
97 0.16300238340343753
98 0.11336796363614314
99 0.06226577361533273
100 0.07917919361707443
101 0.11759673586647827
102 0.10570688721932281
103 0.08059461553676771
104 0.08018540519410051
105 0.12203532969261383
106 0.11824829607210216
107 0.09016152223094197
108 0.09308923039421309
109 0.08524289791906783
110 0.08468267083756308
111 0.08388930800985397
112 0.08634059611516096
113 0.10655664356374864
114 0.07046497645944001
115 0.08117295732971108
116 0.09415290268503274
117 0.0944886805929936
118 0.07240389623660123
119 0.0739555593127345
120 0.0825651966436264
121 0.09443990794370133
122 0.13609737028178573
123 0.0810187230702509
124 0.0569186103255061
125 0.10498756826185165
126 0.08398249017901904
127 0.11906063613980794
128 0.08743514365439672
129 0.08250004509510961
130 0.09761304474123213
131 0.0999849315593411
132 0.08454953747152545
133 0.11868045446761083
134 0.0843982074554013
135 0.05606497098938462
136 0.08145847311798506
137 0.051166835485105165
138 0.07539585809412278
139 0.0325750531994776
140 0.04971423350569398
141 0.07402831338627594
142 0.07868092135221368
143 0.07844441513611115
144 0.10478537094564781
145 0.07393580356702109
146 0.037384458605117576
147 0.07828400020347454
148 0.09615497948778111
149 0.0866840065799277
150 0.08331057397613129
151 0.07664593046008754
152 0.10115587141758253
153 0.06667048428081178
154 0.04972181243035603
155 0.10816148479791085
156 0.09716959268446941
157 0.05481231585198633
158 0.08981987146309363
159 0.07889724710728757
160 0.10281060902200445
